	chr	startpos	endpos	BAF	pval	LogR	ntot	nMaj1_A	nMin1_A	frac1_A	nMaj2_A	nMin2_A	frac2_A	SDfrac_A	SDfrac_A_BS	frac1_A_0.025	frac1_A_0.975	nMaj1_B	nMin1_B	frac1_B	nMaj2_B	nMin2_B	frac2_B	SDfrac_B	SDfrac_B_BS	frac1_B_0.025	frac1_B_0.975	nMaj1_C	nMin1_C	frac1_C	nMaj2_C	nMin2_C	frac2_C	SDfrac_C	SDfrac_C_BS	frac1_C_0.025	frac1_C_0.975	nMaj1_D	nMin1_D	frac1_D	nMaj2_D	nMin2_D	frac2_D	SDfrac_D	SDfrac_D_BS	frac1_D_0.025	frac1_D_0.975	nMaj1_E	nMin1_E	frac1_E	nMaj2_E	nMin2_E	frac2_E	SDfrac_E	SDfrac_E_BS	frac1_E_0.025	frac1_E_0.975	nMaj1_F	nMin1_F	frac1_F	nMaj2_F	nMin2_F	frac2_F	SDfrac_F	SDfrac_F_BS	frac1_F_0.025	frac1_F_0.975
1	1	762601	6717672	0.908864621721399	1	-0.307114413854883	2.83146602687325	3	0	1	NA	NA	NA	NA	NA	NA	NA	NA	NA	NA	NA	NA	NA	NA	NA	NA	NA	NA	NA	NA	NA	NA	NA	NA	NA	NA	NA	NA	NA	NA	NA	NA	NA	NA	NA	NA	NA	NA	NA	NA	NA	NA	NA	NA	NA	NA	NA	NA	NA	NA	NA	NA	NA	NA	NA	NA	NA
2	1	6719008	45254826	0.630847584902499	1	0.28448510816577	3.65735104958453	2	1	1	NA	NA	NA	NA	NA	NA	NA	NA	NA	NA	NA	NA	NA	NA	NA	NA	NA	NA	NA	NA	NA	NA	NA	NA	NA	NA	NA	NA	NA	NA	NA	NA	NA	NA	NA	NA	NA	NA	NA	NA	NA	NA	NA	NA	NA	NA	NA	NA	NA	NA	NA	NA	NA	NA	NA	NA	NA
3	1	45257727	46305362	0.727087515400058	8.42104242807628e-93	0.769018966753095	5.35926646655444	4	1	0.688077740723288	4	2	0.311922259276712	0.013783437445282	0.0134578736748199	0.661490697230691	0.715113647489076	4	0	0.344038870361644	4	2	0.655961129638356	0.00689171872264085	0.00672893683740996	0.330745348615345	0.357556823744538	4	1	0.844038870361644	4	3	0.155961129638356	0.00689171872264083	0.00672893683740996	0.830745348615345	0.857556823744538	5	1	0.312727485328268	5	2	0.687272514671732	0.0169864030997116	0.0165851855179813	0.279962201647208	0.346045938167992	5	0	0.156363742664134	5	2	0.843636257335866	0.00849320154985587	0.00829259275899063	0.139981100823604	0.173022969083996	5	1	0.656363742664134	5	3	0.343636257335866	0.00849320154985589	0.00829259275899063	0.639981100823604	0.673022969083996
4	1	46306583	50547386	0.62576197500472	1.05170809332808e-12	0.134939915872553	3.23749242045544	2	1	0.925821949925554	2	2	0.0741780500744464	0.0105714848609842	0.010419074150605	0.904947092291753	0.944900433988614	2	0	0.462910974962777	2	2	0.537089025037223	0.00528574243049221	0.00520953707530252	0.452473546145876	0.472450216994307	2	1	0.962910974962777	2	3	0.037089025037223	0.00528574243049196	0.00520953707530251	0.952473546145876	0.972450216994307	3	1	0.327770230671666	3	2	0.672229769328334	0.0151611256284647	0.0152773346816507	0.298547069145662	0.357791651148296	3	0	0.163885115335833	3	2	0.836114884664167	0.00758056281423233	0.00763866734082536	0.149273534572831	0.178895825574148	3	1	0.663885115335833	3	3	0.336114884664167	0.00758056281423242	0.00763866734082537	0.649273534572831	0.678895825574148
5	1	50550541	145328113	0.500745373084133	1	-0.438763785625641	1.97618243443976	1	1	1	NA	NA	NA	NA	NA	NA	NA	NA	NA	NA	NA	NA	NA	NA	NA	NA	NA	NA	NA	NA	NA	NA	NA	NA	NA	NA	NA	NA	NA	NA	NA	NA	NA	NA	NA	NA	NA	NA	NA	NA	NA	NA	NA	NA	NA	NA	NA	NA	NA	NA	NA	NA	NA	NA	NA	NA	NA
6	1	145328809	249230279	0.641068852821316	1	0.108710103901546	3.16823272185112	2	1	1	NA	NA	NA	NA	NA	NA	NA	NA	NA	NA	NA	NA	NA	NA	NA	NA	NA	NA	NA	NA	NA	NA	NA	NA	NA	NA	NA	NA	NA	NA	NA	NA	NA	NA	NA	NA	NA	NA	NA	NA	NA	NA	NA	NA	NA	NA	NA	NA	NA	NA	NA	NA	NA	NA	NA	NA	NA
7	2	10747	89159180	0.501180482917704	1	-0.416032821668412	2.01719992551423	1	1	1	NA	NA	NA	NA	NA	NA	NA	NA	NA	NA	NA	NA	NA	NA	NA	NA	NA	NA	NA	NA	NA	NA	NA	NA	NA	NA	NA	NA	NA	NA	NA	NA	NA	NA	NA	NA	NA	NA	NA	NA	NA	NA	NA	NA	NA	NA	NA	NA	NA	NA	NA	NA	NA	NA	NA	NA	NA
8	2	89161547	89326083	0.844609680135101	1.83499545238205e-06	-1.31679604325009	1.40977283651572	1	0	0.654581236560994	2	0	0.345418763439006	0.0842487188457846	0.0825378791877329	0.502983301908661	0.82003725505747	0	0	0.327290618280497	2	0	0.672709381719503	0.0421243594228921	0.0412689395938665	0.25149165095433	0.410018627528735	1	0	0.8272906182805	3	0	0.1727093817195	0.0421243594228926	0.0412689395938664	0.751491650954334	0.910018627528737	2	0	0.879570895149457	2	1	0.120429104850543	0.0216148906990597	0.0216348064293187	0.83198663164375	0.915177794170503	2	0	0.939785447574728	2	2	0.0602145524252717	0.0108074453495299	0.0108174032146594	0.915993315821875	0.957588897085251	NA	NA	NA	NA	NA	NA	NA	NA	NA	NA
9	2	89327931	242985493	0.501004486861475	1	-0.43187045317907	1.9885530862324	1	1	1	NA	NA	NA	NA	NA	NA	NA	NA	NA	NA	NA	NA	NA	NA	NA	NA	NA	NA	NA	NA	NA	NA	NA	NA	NA	NA	NA	NA	NA	NA	NA	NA	NA	NA	NA	NA	NA	NA	NA	NA	NA	NA	NA	NA	NA	NA	NA	NA	NA	NA	NA	NA	NA	NA	NA	NA	NA
10	3	60596	45821624	0.631487531019011	1	0.0673100893820779	3.06144642410644	2	1	1	NA	NA	NA	NA	NA	NA	NA	NA	NA	NA	NA	NA	NA	NA	NA	NA	NA	NA	NA	NA	NA	NA	NA	NA	NA	NA	NA	NA	NA	NA	NA	NA	NA	NA	NA	NA	NA	NA	NA	NA	NA	NA	NA	NA	NA	NA	NA	NA	NA	NA	NA	NA	NA	NA	NA	NA	NA
11	3	45822437	51978640	0.654671047061737	8.69186540705932e-41	0.312834154862228	3.74196800796482	2	1	0.83248511945561	3	1	0.16751488054439	0.0128389635588818	0.0127667983206597	0.808069857239143	0.857102894069939	1	1	0.416242559727805	3	1	0.583757440272195	0.00641948177944091	0.00638339916032985	0.404034928619572	0.428551447034969	2	1	0.916242559727805	4	1	0.0837574402721951	0.00641948177944091	0.006708703163506	0.903162847641051	0.929291897278941	3	1	0.560876846580355	3	2	0.439123153419645	0.00905404002558291	0.0094655211056006	0.542197545087829	0.57895426154076	3	0	0.280438423290177	3	2	0.719561576709823	0.00452702001279146	0.0047327605528003	0.271098772543915	0.28947713077038	3	1	0.780438423290177	3	3	0.219561576709823	0.00452702001279148	0.00473276055280029	0.771098772543915	0.78947713077038
12	3	52041566	52997772	0.502302276322512	1	0.603329448583472	4.71197607154862	2	2	1	NA	NA	NA	NA	NA	NA	NA	NA	NA	NA	NA	NA	NA	NA	NA	NA	NA	NA	NA	NA	NA	NA	NA	NA	NA	NA	NA	NA	NA	NA	NA	NA	NA	NA	NA	NA	NA	NA	NA	NA	NA	NA	NA	NA	NA	NA	NA	NA	NA	NA	NA	NA	NA	NA	NA	NA	NA
13	3	53012251	129423335	0.636285836771876	1	0.0455519999901295	3.00654055556154	2	1	1	NA	NA	NA	NA	NA	NA	NA	NA	NA	NA	NA	NA	NA	NA	NA	NA	NA	NA	NA	NA	NA	NA	NA	NA	NA	NA	NA	NA	NA	NA	NA	NA	NA	NA	NA	NA	NA	NA	NA	NA	NA	NA	NA	NA	NA	NA	NA	NA	NA	NA	NA	NA	NA	NA	NA	NA	NA
14	3	129423857	129603732	0.538543779022484	0.000147950671576978	0.277836642385422	3.63774608169291	2	1	0.329701234000616	2	2	0.670298765999384	0.0792222631608195	0.0806090449719846	0.161365943864015	0.474094628902574	2	0	0.164850617000308	2	2	0.835149382999692	0.0396111315804098	0.0403045224859923	0.0806829719320074	0.237047314451287	2	1	0.664850617000308	2	3	0.335149382999692	0.0396111315804097	0.0403045224859923	0.580682971932007	0.737047314451287	1	1	0.782274057874289	2	1	0.217725942125711	0.0610634427594987	0.0593416445375212	0.668093569504931	0.890024779899906	0	1	0.391137028937144	2	1	0.608862971062856	0.0305317213797495	0.0296708222687606	0.334046784752466	0.445012389949953	1	1	0.891137028937145	3	1	0.108862971062855	0.0305317213797496	0.0296708222687606	0.834046784752466	0.945012389949954
15	3	129603755	140916770	0.642481327139241	1	0.0880016079827034	3.11443463840388	2	1	1	NA	NA	NA	NA	NA	NA	NA	NA	NA	NA	NA	NA	NA	NA	NA	NA	NA	NA	NA	NA	NA	NA	NA	NA	NA	NA	NA	NA	NA	NA	NA	NA	NA	NA	NA	NA	NA	NA	NA	NA	NA	NA	NA	NA	NA	NA	NA	NA	NA	NA	NA	NA	NA	NA	NA	NA	NA
16	3	140960116	141200952	0.503488883849867	1	0.422632912680804	4.08584848140434	2	2	1	NA	NA	NA	NA	NA	NA	NA	NA	NA	NA	NA	NA	NA	NA	NA	NA	NA	NA	NA	NA	NA	NA	NA	NA	NA	NA	NA	NA	NA	NA	NA	NA	NA	NA	NA	NA	NA	NA	NA	NA	NA	NA	NA	NA	NA	NA	NA	NA	NA	NA	NA	NA	NA	NA	NA	NA	NA
17	3	141203003	166462348	0.641165658896974	1	0.0318179376601267	2.97230696547023	2	1	1	NA	NA	NA	NA	NA	NA	NA	NA	NA	NA	NA	NA	NA	NA	NA	NA	NA	NA	NA	NA	NA	NA	NA	NA	NA	NA	NA	NA	NA	NA	NA	NA	NA	NA	NA	NA	NA	NA	NA	NA	NA	NA	NA	NA	NA	NA	NA	NA	NA	NA	NA	NA	NA	NA	NA	NA	NA
18	3	166462512	181741682	0.620944651385916	1.25310354802291e-79	0.051380555445693	3.0211676305486	2	1	0.897265707500954	2	2	0.102734292499046	0.00554406722046796	0.00554689855646684	0.886029144820966	0.907725050979867	2	0	0.448632853750477	2	2	0.551367146249523	0.00277203361023409	0.00277344927823342	0.443014572410483	0.453862525489933	2	1	0.948632853750477	2	3	0.0513671462495232	0.00277203361023387	0.00282190982319259	0.942931159530551	0.954361750265875	1	1	0.168292861911693	2	1	0.831707138088307	0.00841840356008332	0.00856815072474821	0.150685871364909	0.185457956941534	0	1	0.0841464309558467	2	1	0.915853569044153	0.00420920178004167	0.00434980525833489	0.0750683525287878	0.0922621076531005	1	1	0.584146430955847	3	1	0.415853569044153	0.00420920178004169	0.00434980525833489	0.575068352528789	0.592262107653101
19	3	181741956	197845233	0.641136315637033	1	0.158293864979091	3.30022708923088	2	1	1	NA	NA	NA	NA	NA	NA	NA	NA	NA	NA	NA	NA	NA	NA	NA	NA	NA	NA	NA	NA	NA	NA	NA	NA	NA	NA	NA	NA	NA	NA	NA	NA	NA	NA	NA	NA	NA	NA	NA	NA	NA	NA	NA	NA	NA	NA	NA	NA	NA	NA	NA	NA	NA	NA	NA	NA	NA
20	4	72048	71470493	0.628686859618599	1	0.0627098806459468	3.049768809611	2	1	1	NA	NA	NA	NA	NA	NA	NA	NA	NA	NA	NA	NA	NA	NA	NA	NA	NA	NA	NA	NA	NA	NA	NA	NA	NA	NA	NA	NA	NA	NA	NA	NA	NA	NA	NA	NA	NA	NA	NA	NA	NA	NA	NA	NA	NA	NA	NA	NA	NA	NA	NA	NA	NA	NA	NA	NA	NA
21	4	71493927	71681446	0.905834053111684	0.265479946358364	-0.20632801986571	2.72081548284996	3	0	1	NA	NA	NA	NA	NA	NA	NA	NA	NA	NA	NA	NA	NA	NA	NA	NA	NA	NA	NA	NA	NA	NA	NA	NA	NA	NA	NA	NA	NA	NA	NA	NA	NA	NA	NA	NA	NA	NA	NA	NA	NA	NA	NA	NA	NA	NA	NA	NA	NA	NA	NA	NA	NA	NA	NA	NA	NA
22	4	71685846	73445267	0.59491477704451	9.84618200176554e-41	0.060702572513913	3.04468492177399	2	1	0.73496451073256	2	2	0.26503548926744	0.0206460448206103	0.020607231029025	0.692733770535287	0.774539788941869	2	0	0.36748225536628	2	2	0.63251774463372	0.0103230224103052	0.0103036155145125	0.346366885267644	0.387269894470934	2	1	0.86748225536628	2	3	0.13251774463372	0.0103230224103053	0.0103036155145125	0.846366885267644	0.887269894470934	1	1	0.389235449903702	2	1	0.610764550096298	0.0251980515871255	0.025136389779976	0.339328569687821	0.439341975452826	0	1	0.194617724951851	2	1	0.805382275048149	0.0125990257935627	0.012568194889988	0.169664284843911	0.219670987726413	1	1	0.694617724951852	3	1	0.305382275048148	0.0125990257935626	0.012568194889988	0.669664284843912	0.719670987726413
23	4	73445607	73488036	0.50142604776435	1	0.040652607276986	2.9942908964508	1	1	1	NA	NA	NA	NA	NA	NA	NA	NA	NA	NA	NA	NA	NA	NA	NA	NA	NA	NA	NA	NA	NA	NA	NA	NA	NA	NA	NA	NA	NA	NA	NA	NA	NA	NA	NA	NA	NA	NA	NA	NA	NA	NA	NA	NA	NA	NA	NA	NA	NA	NA	NA	NA	NA	NA	NA	NA	NA
24	4	73488276	121562304	0.6257311422861	1.15907718553006e-173	0.0376045724122617	2.98669104074658	1	1	0.124319738768676	2	1	0.875680261231324	0.00424956725684002	0.00428096574691583	0.115146885559234	0.132163181318208	0	1	0.0621598693843382	2	1	0.937840130615662	0.00212478362842002	0.00221784428810026	0.057595707567027	0.0661608690047183	1	1	0.562159869384339	3	1	0.437840130615661	0.00212478362842022	0.00208230102229554	0.55801294422096	0.566205751551355	2	1	0.925640577117115	2	2	0.0743594228828852	0.00268681050354502	0.00271468736783639	0.920081242116251	0.930699754949525	2	0	0.462820288558557	2	2	0.537179711441443	0.00134340525177251	0.0013541714759192	0.460195497961947	0.465418422359777	2	1	0.962820288558558	2	3	0.0371797114414424	0.00134340525177262	0.00132383728391365	0.960189100031384	0.965310045891349
25	4	121562453	190742322	0.639319414767448	1	0.0387715816462401	2.98959892099225	2	1	1	NA	NA	NA	NA	NA	NA	NA	NA	NA	NA	NA	NA	NA	NA	NA	NA	NA	NA	NA	NA	NA	NA	NA	NA	NA	NA	NA	NA	NA	NA	NA	NA	NA	NA	NA	NA	NA	NA	NA	NA	NA	NA	NA	NA	NA	NA	NA	NA	NA	NA	NA	NA	NA	NA	NA	NA	NA
26	5	850473	71888836	0.635630420798212	1	0.059186540316171	3.04084996908278	2	1	1	NA	NA	NA	NA	NA	NA	NA	NA	NA	NA	NA	NA	NA	NA	NA	NA	NA	NA	NA	NA	NA	NA	NA	NA	NA	NA	NA	NA	NA	NA	NA	NA	NA	NA	NA	NA	NA	NA	NA	NA	NA	NA	NA	NA	NA	NA	NA	NA	NA	NA	NA	NA	NA	NA	NA	NA	NA
27	5	71893394	99536054	0.624050924277539	2.98005267596056e-112	0.0554246118898435	3.03135118960932	2	1	0.915729630612811	2	2	0.0842703693871889	0.00380491764995672	0.00370657465544693	0.908565461072092	0.923189015254953	2	0	0.457864815306405	2	2	0.542135184693595	0.00190245882497836	0.0018921948122659	0.454104246698917	0.461397210992145	2	1	0.957864815306406	2	3	0.0421351846935945	0.00190245882497836	0.00186758464825324	0.954049684181759	0.961440475329012	1	1	0.139883312132699	2	1	0.860116687867301	0.00593235576710062	0.00607764648916018	0.128035487372754	0.151286849496526	0	1	0.0699416560663497	2	1	0.93005834393365	0.00296617788355031	0.00292223800301847	0.0639751399566527	0.0753429251276651	1	1	0.56994165606635	3	1	0.43005834393365	0.0029661778835503	0.00299123178351452	0.564283377577627	0.575633036245859
28	5	99536420	99590043	0.509845982442029	1	-0.0508557332166575	2.77297927905159	1	1	1	NA	NA	NA	NA	NA	NA	NA	NA	NA	NA	NA	NA	NA	NA	NA	NA	NA	NA	NA	NA	NA	NA	NA	NA	NA	NA	NA	NA	NA	NA	NA	NA	NA	NA	NA	NA	NA	NA	NA	NA	NA	NA	NA	NA	NA	NA	NA	NA	NA	NA	NA	NA	NA	NA	NA	NA	NA
29	5	99590242	110371326	0.616039090094409	6.76529426457294e-92	-0.0124785647464249	2.86408789049838	1	1	0.21222228099057	2	1	0.78777771900943	0.00969836560465619	0.00985347649813285	0.192906234010053	0.231201700779237	0	1	0.106111140495285	2	1	0.893888859504715	0.00484918280232807	0.00496443192427164	0.0967243392465874	0.116139633402206	1	1	0.606111140495285	3	1	0.393888859504715	0.00484918280232854	0.00496443192427163	0.596724339246588	0.616139633402206	2	1	0.867727452004885	2	2	0.132272547995115	0.00665816830989041	0.0066640184665376	0.853979627117735	0.880798692750999	2	0	0.433863726002443	2	2	0.566136273997557	0.00332908415494521	0.0033320092332688	0.426989813558868	0.4403993463755	2	1	0.933863726002443	2	3	0.0661362739975574	0.00332908415494532	0.00328893806709016	0.927077501587272	0.940327965929457
30	5	110371367	126468747	0.6379210088512	1	0.0333045013115094	2.97599667254248	2	1	1	NA	NA	NA	NA	NA	NA	NA	NA	NA	NA	NA	NA	NA	NA	NA	NA	NA	NA	NA	NA	NA	NA	NA	NA	NA	NA	NA	NA	NA	NA	NA	NA	NA	NA	NA	NA	NA	NA	NA	NA	NA	NA	NA	NA	NA	NA	NA	NA	NA	NA	NA	NA	NA	NA	NA	NA	NA
31	5	126469492	136482547	0.623899456879608	3.30144593871375e-40	0.0975141467887272	3.13905115446131	2	1	0.914833560847056	2	2	0.0851664391529436	0.00652626745137208	0.00666558485921749	0.900449991421267	0.927578673631066	2	0	0.457416780423528	2	2	0.542583219576472	0.00326313372568604	0.00333279242960874	0.450224995710634	0.463789336815533	2	1	0.957416780423528	2	3	0.0425832195764718	0.00326313372568615	0.00326924406572653	0.95087101133987	0.963397167315024	3	1	0.312011200652299	3	2	0.687988799347701	0.00935966536549487	0.00908840332798115	0.293540029904802	0.329473974241344	3	0	0.156005600326149	3	2	0.843994399673851	0.0046798326827474	0.00468193923474486	0.146656993188771	0.164905017658839	3	1	0.65600560032615	3	3	0.34399439967385	0.00467983268274741	0.00468193923474485	0.646656993188771	0.664905017658839
32	5	136483024	138604448	0.591205923359803	1.06535783654362e-35	0.226093010210471	3.48821357450345	2	1	0.710675855785335	2	2	0.289324144214665	0.0241874737200554	0.0244989905868787	0.662991186764625	0.758026762216406	2	0	0.355337927892668	2	2	0.644662072107332	0.0120937368600277	0.0122494952934394	0.331495593382313	0.379013381108203	2	1	0.855337927892668	2	3	0.144662072107332	0.0120937368600277	0.0122494952934394	0.831495593382313	0.879013381108203	3	1	0.0192178366960908	3	2	0.980782163303909	0.0346885354826873	0.0351352982993962	-0.0491692694750495	0.0871262762827199	3	0	0.00960891834804542	3	2	0.990391081651955	0.0173442677413436	0.0175676491496981	-0.0245846347375248	0.0435631381413599	3	1	0.509608918348045	3	3	0.490391081651955	0.0173442677413436	0.0175676491496981	0.475415365262475	0.54356313814136
33	5	138613937	139623508	0.702157635014897	0.00904176958855414	0.645025037933362	4.86793410868804	3	1	0.902121582119758	3	2	0.0978784178802419	0.0381181446359572	0.0381399542565653	0.823770668402488	0.97245009210342	3	0	0.451060791059879	3	2	0.548939208940121	0.0190590723179786	0.0190699771282827	0.411885334201244	0.48622504605171	3	1	0.951060791059879	3	3	0.0489392089401209	0.0190590723179787	0.0190699771282827	0.911885334201244	0.98622504605171	4	1	0.477939959457799	4	2	0.522060040542201	0.0496574323438193	0.0496858442660189	0.37587032217221	0.569558616653956	4	0	0.2389699797289	4	2	0.7610300202711	0.0248287161719098	0.0248429221330094	0.187935161086105	0.284779308326978	4	1	0.7389699797289	4	3	0.2610300202711	0.0248287161719097	0.0248429221330094	0.687935161086105	0.784779308326978
34	5	139623591	159995061	0.642704271548159	1	0.101839054632003	3.1502969225528	2	1	1	NA	NA	NA	NA	NA	NA	NA	NA	NA	NA	NA	NA	NA	NA	NA	NA	NA	NA	NA	NA	NA	NA	NA	NA	NA	NA	NA	NA	NA	NA	NA	NA	NA	NA	NA	NA	NA	NA	NA	NA	NA	NA	NA	NA	NA	NA	NA	NA	NA	NA	NA	NA	NA	NA	NA	NA	NA
35	5	159995324	165035453	0.61658185106452	3.10878737618373e-40	0.01751320187177	2.93699571053718	1	1	0.207417148942408	2	1	0.792582851057592	0.0145505119415666	0.0142360273740941	0.179001453648114	0.234338866881143	0	1	0.103708574471204	2	1	0.896291425528796	0.00727525597078328	0.00723362729933301	0.0899540660457815	0.1183038608722	1	1	0.603708574471205	3	1	0.396291425528795	0.00727525597078271	0.00723362729933303	0.589954066045782	0.618303860872201	2	1	0.871018747685048	2	2	0.128981252314952	0.00994347425958902	0.00989050441853089	0.850556185928185	0.889551489289824	2	0	0.435509373842524	2	2	0.564490626157476	0.00497173712979429	0.00494525220926545	0.425278092964093	0.444775744644912	2	1	0.935509373842524	2	3	0.0644906261574758	0.00497173712979432	0.0050243739105689	0.925264734855741	0.944985927358179
36	5	165045283	180715547	0.642447848214016	1	0.17701438035919	3.35125364133049	2	1	1	NA	NA	NA	NA	NA	NA	NA	NA	NA	NA	NA	NA	NA	NA	NA	NA	NA	NA	NA	NA	NA	NA	NA	NA	NA	NA	NA	NA	NA	NA	NA	NA	NA	NA	NA	NA	NA	NA	NA	NA	NA	NA	NA	NA	NA	NA	NA	NA	NA	NA	NA	NA	NA	NA	NA	NA	NA
37	6	186795	7804377	0.634892656428958	1	0.0999131641057697	3.14528499459175	2	1	1	NA	NA	NA	NA	NA	NA	NA	NA	NA	NA	NA	NA	NA	NA	NA	NA	NA	NA	NA	NA	NA	NA	NA	NA	NA	NA	NA	NA	NA	NA	NA	NA	NA	NA	NA	NA	NA	NA	NA	NA	NA	NA	NA	NA	NA	NA	NA	NA	NA	NA	NA	NA	NA	NA	NA	NA	NA
38	6	7805369	8069322	0.547744366649602	1.61997007598244e-18	0.764210621819871	5.3394157439633	3	2	0.575873328206531	3	3	0.424126671793469	0.0493839289486052	0.0497884479684812	0.481234591363173	0.673210646613174	3	1	0.287936664103266	3	3	0.712063335896734	0.0246919644743026	0.0245957446951298	0.236185073060558	0.335857348222864	3	2	0.787936664103265	3	4	0.212063335896735	0.0246919644743026	0.0245957446951297	0.736185073060558	0.835857348222864	2	2	0.513676288562062	3	2	0.486323711437938	0.0505116608458763	0.0502420353093441	0.411673939655177	0.614478648993101	1	2	0.256838144281031	3	2	0.743161855718969	0.0252558304229381	0.0251210176546721	0.205836969827589	0.307239324496551	2	2	0.756838144281031	4	2	0.243161855718969	0.025255830422938	0.0251210176546721	0.705836969827588	0.80723932449655
39	6	8071521	23582453	0.6241257024025	7.44890165723834e-72	0.132645540114527	3.23138375035484	2	1	0.916171852028184	2	2	0.0838281479718157	0.00475516079958255	0.0048117713599772	0.90636902428431	0.925991114046841	2	0	0.458085926014092	2	2	0.541914073985908	0.00237758039979127	0.00240171950082847	0.453344576526126	0.462945773121714	2	1	0.958085926014092	2	3	0.0419140739859079	0.0023775803997913	0.00236820857682642	0.953475407143822	0.962903660216516	3	1	0.313930514825413	3	2	0.686069485174587	0.00681962763169561	0.00680638243690471	0.3007546323229	0.32697396597085	3	0	0.156965257412706	3	2	0.843034742587294	0.0034098138158478	0.00348341107099817	0.149824007121233	0.163144839099444	3	1	0.656965257412706	3	3	0.343034742587294	0.00340981381584782	0.00346897025491868	0.650044034883089	0.663490986600576
40	6	23582665	89569254	0.639359412104596	1	0.0876132411831202	3.11343306860061	2	1	1	NA	NA	NA	NA	NA	NA	NA	NA	NA	NA	NA	NA	NA	NA	NA	NA	NA	NA	NA	NA	NA	NA	NA	NA	NA	NA	NA	NA	NA	NA	NA	NA	NA	NA	NA	NA	NA	NA	NA	NA	NA	NA	NA	NA	NA	NA	NA	NA	NA	NA	NA	NA	NA	NA	NA	NA	NA
41	6	89587029	90610417	0.50037077926595	1	0.623036988066539	4.78512850534375	2	2	1	NA	NA	NA	NA	NA	NA	NA	NA	NA	NA	NA	NA	NA	NA	NA	NA	NA	NA	NA	NA	NA	NA	NA	NA	NA	NA	NA	NA	NA	NA	NA	NA	NA	NA	NA	NA	NA	NA	NA	NA	NA	NA	NA	NA	NA	NA	NA	NA	NA	NA	NA	NA	NA	NA	NA	NA	NA
42	6	90613748	100895625	0.636220760589682	1	-0.024360920984762	2.83561933987008	2	1	1	NA	NA	NA	NA	NA	NA	NA	NA	NA	NA	NA	NA	NA	NA	NA	NA	NA	NA	NA	NA	NA	NA	NA	NA	NA	NA	NA	NA	NA	NA	NA	NA	NA	NA	NA	NA	NA	NA	NA	NA	NA	NA	NA	NA	NA	NA	NA	NA	NA	NA	NA	NA	NA	NA	NA	NA	NA
43	6	100896243	101446828	0.574437787437328	1.76946441208227e-36	-0.0688448254403893	2.73109975006041	1	1	0.544050453061062	2	1	0.455949546938938	0.0343417832764407	0.0346049380778802	0.47177285570886	0.609549550248713	0	1	0.272025226530531	2	1	0.727974773469469	0.0171708916382203	0.0173024690389401	0.23588642785443	0.304774775124357	1	1	0.772025226530532	3	1	0.227974773469468	0.0171708916382202	0.0179686507031327	0.735204755735889	0.806065734325464	2	1	0.596949713939824	2	2	0.403050286060176	0.033307284578958	0.0348202696594002	0.527226876090324	0.664617213265101	2	0	0.298474856969912	2	2	0.701525143030088	0.016653642289479	0.0174101348297001	0.263613438045162	0.332308606632551	2	1	0.798474856969912	2	3	0.201525143030088	0.0166536422894789	0.0174101348297001	0.763613438045162	0.832308606632551
44	6	101447375	170919682	0.624145837897257	0	0.0286914461085932	2.96455929090172	1	1	0.139007851652064	2	1	0.860992148347936	0.00314330465475297	0.0031734084994781	0.132474138518026	0.144917349142482	0	1	0.0695039258260318	2	1	0.930496074173968	0.0015716523273765	0.00160384792750955	0.0662480711275751	0.0725821317635388	1	1	0.569503925826032	3	1	0.430496074173968	0.0015716523273766	0.00160894489312054	0.566466831030382	0.572363024256998	2	1	0.91629091081596	2	2	0.0837090891840397	0.00201443714462912	0.0020180901703111	0.912330739804811	0.920324034740927	2	0	0.45814545540798	2	2	0.54185454459202	0.00100721857231445	0.00101165404213861	0.456125341054965	0.460013388324088	2	1	0.95814545540798	2	3	0.0418545445920199	0.00100721857231445	0.00102038764766562	0.956211425995182	0.960220432733929
45	7	80500	23617848	0.623478584578347	1.5440395645755e-141	0.106438202409673	3.16229282306682	2	1	0.912341426252317	2	2	0.0876585737476832	0.00352148823942122	0.00347185701256282	0.905379035124678	0.919181643076512	2	0	0.456170713126159	2	2	0.543829286873841	0.00176074411971083	0.00176321321853896	0.452694667998431	0.459839748703935	2	1	0.956170713126158	2	3	0.0438292868738416	0.00176074411971078	0.00182632177065203	0.952548872568245	0.95974127532904	3	1	0.308437098606017	3	2	0.691562901393983	0.00505035255681813	0.00489437116960047	0.298323623158295	0.317258786765285	3	0	0.154218549303008	3	2	0.845781450696992	0.00252517627840902	0.00246089144283996	0.149365652944447	0.159021049997894	3	1	0.654218549303008	3	3	0.345781450696992	0.00252517627840898	0.00253217255327235	0.649226521149722	0.659378836863461
46	7	23618548	78419941	0.642182284511119	1	0.162219486021239	3.31087236776897	2	1	1	NA	NA	NA	NA	NA	NA	NA	NA	NA	NA	NA	NA	NA	NA	NA	NA	NA	NA	NA	NA	NA	NA	NA	NA	NA	NA	NA	NA	NA	NA	NA	NA	NA	NA	NA	NA	NA	NA	NA	NA	NA	NA	NA	NA	NA	NA	NA	NA	NA	NA	NA	NA	NA	NA	NA	NA	NA
47	7	78421397	119036501	0.622428782437654	7.13767498063819e-183	0.0730069481859631	3.07595958509115	2	1	0.906110486618798	2	2	0.0938895133812019	0.00331484294844314	0.0033898950130756	0.899657294836763	0.912451880246006	2	0	0.453055243309399	2	2	0.546944756690601	0.00165742147422168	0.00163793630233485	0.449932141906603	0.456253622805821	2	1	0.953055243309399	2	3	0.0469447566906007	0.00165742147422154	0.00167139905118648	0.949949656960675	0.956341998319178	1	1	0.154777516874351	2	1	0.84522248312565	0.00509734732400392	0.00520058201104111	0.144302752919658	0.164744846223376	0	1	0.0773887584371752	2	1	0.922611241562825	0.00254867366200195	0.00261627237077258	0.0723570952051261	0.0827750298862701	1	1	0.577388758437176	3	1	0.422611241562824	0.00254867366200223	0.00259381199821839	0.572228484578293	0.582250315706693
48	7	119039098	120908956	0.570812604109101	6.19310805340327e-70	-0.046640787806963	2.78286763010486	1	1	0.569919257141794	2	1	0.430080742858206	0.0256274348888272	0.0251540594097823	0.516711767915536	0.618622221005396	0	1	0.284959628570897	2	1	0.715040371429103	0.0128137174444136	0.0125770297048912	0.258355883957768	0.309311110502698	1	1	0.784959628570897	3	1	0.215040371429103	0.0128137174444138	0.0125770297048912	0.758355883957769	0.809311110502698	2	1	0.571484301362745	2	2	0.428515698637255	0.0256035042062349	0.0251176896886533	0.52118717021182	0.622588771866455	2	0	0.285742150681372	2	2	0.714257849318628	0.0128017521031175	0.0125588448443266	0.26059358510591	0.311294385933227	2	1	0.785742150681372	2	3	0.214257849318628	0.0128017521031175	0.0125588448443267	0.76059358510591	0.811294385933228
49	7	120909151	159126406	0.635867903603396	1	0.120849495670983	3.2001302351739	2	1	1	NA	NA	NA	NA	NA	NA	NA	NA	NA	NA	NA	NA	NA	NA	NA	NA	NA	NA	NA	NA	NA	NA	NA	NA	NA	NA	NA	NA	NA	NA	NA	NA	NA	NA	NA	NA	NA	NA	NA	NA	NA	NA	NA	NA	NA	NA	NA	NA	NA	NA	NA	NA	NA	NA	NA	NA	NA
50	8	158984	607161	0.846790572493975	2.77546266119924e-15	-1.22428183128359	1.43847635208343	1	0	0.626793782808284	2	0	0.373206217191716	0.0568660610664521	0.0564519979630642	0.517054328995033	0.738311626628355	0	0	0.313396891404142	2	0	0.686603108595858	0.028433030533226	0.0282259989815321	0.258527164497516	0.369155813314178	1	0	0.813396891404143	3	0	0.186603108595857	0.0284330305332265	0.028225998981532	0.758527164497519	0.869155813314179	2	0	0.886594490128105	2	1	0.113405509871895	0.0141240518183606	0.0141131917723054	0.85620774343312	0.911864924124241	2	0	0.943297245064053	2	2	0.0567027549359475	0.00706202590918042	0.00705659588615272	0.92810387171656	0.95593246206212	NA	NA	NA	NA	NA	NA	NA	NA	NA	NA
51	8	608018	3034663	0.802181776271418	1	-1.18968500209707	0.928122087413471	1	0	1	NA	NA	NA	NA	NA	NA	NA	NA	NA	NA	NA	NA	NA	NA	NA	NA	NA	NA	NA	NA	NA	NA	NA	NA	NA	NA	NA	NA	NA	NA	NA	NA	NA	NA	NA	NA	NA	NA	NA	NA	NA	NA	NA	NA	NA	NA	NA	NA	NA	NA	NA	NA	NA	NA	NA	NA	NA
52	8	3035053	27429649	0.844414032877026	0	-1.19688555419895	1.40723718426354	1	0	0.657035964433063	2	0	0.342964035566937	0.00792129314924173	0.00810005728376268	0.640756072995001	0.673503515016105	0	0	0.328517982216531	2	0	0.671482017783469	0.00396064657462053	0.00400607546280304	0.320669431702243	0.335988243609186	1	0	0.828517982216533	3	0	0.171482017783467	0.00396064657462086	0.00376058674951803	0.820595549359137	0.835566155257876	2	0	0.878939037035424	2	1	0.121060962964576	0.00204198453676174	0.00197300770316873	0.874885205943638	0.882697339380722	2	0	0.939469518517712	2	2	0.060530481482288	0.00102099226838104	0.00101780666558564	0.937577783034547	0.941447152341383	NA	NA	NA	NA	NA	NA	NA	NA	NA	NA
53	8	27430506	28393509	0.891762813176974	0.0015405936697705	0.156197160123466	3.29455321883433	3	0	0.902395546732969	3	1	0.0976044532670307	0.0315367488236645	0.0311574992818411	0.837375438864176	0.959438686095401	3	0	0.951197773366485	3	2	0.0488022266335153	0.0157683744118323	0.0155787496409205	0.918687719432088	0.9797193430477	4	0	0.781021135035511	4	1	0.218978864964489	0.0410836882542781	0.0405896306697764	0.696317862137051	0.855332617418023	4	0	0.890510567517755	4	2	0.109489432482245	0.0205418441271388	0.0202948153348882	0.848158931068525	0.927666308709012	NA	NA	NA	NA	NA	NA	NA	NA	NA	NA	NA	NA	NA	NA	NA	NA	NA	NA	NA	NA
54	8	28393636	28401184	0.505448035237805	1	0.155514334864195	3.29270721204675	2	2	1	NA	NA	NA	NA	NA	NA	NA	NA	NA	NA	NA	NA	NA	NA	NA	NA	NA	NA	NA	NA	NA	NA	NA	NA	NA	NA	NA	NA	NA	NA	NA	NA	NA	NA	NA	NA	NA	NA	NA	NA	NA	NA	NA	NA	NA	NA	NA	NA	NA	NA	NA	NA	NA	NA	NA	NA	NA
55	8	28401290	57622702	0.933211699705637	1	0.139418478360372	4.08480852648388	4	0	1	NA	NA	NA	NA	NA	NA	NA	NA	NA	NA	NA	NA	NA	NA	NA	NA	NA	NA	NA	NA	NA	NA	NA	NA	NA	NA	NA	NA	NA	NA	NA	NA	NA	NA	NA	NA	NA	NA	NA	NA	NA	NA	NA	NA	NA	NA	NA	NA	NA	NA	NA	NA	NA	NA	NA	NA	NA
56	8	57623116	57624566	0.710439951091757	0.194941884538514	-0.0539181151510713	2.7658129646726	2	1	1	NA	NA	NA	NA	NA	NA	NA	NA	NA	NA	NA	NA	NA	NA	NA	NA	NA	NA	NA	NA	NA	NA	NA	NA	NA	NA	NA	NA	NA	NA	NA	NA	NA	NA	NA	NA	NA	NA	NA	NA	NA	NA	NA	NA	NA	NA	NA	NA	NA	NA	NA	NA	NA	NA	NA	NA	NA
57	8	57625116	59349996	0.893941722838498	0.0777251922638419	0.0190729826237776	2.9408290457945	2	0	1	NA	NA	NA	NA	NA	NA	NA	NA	NA	NA	NA	NA	NA	NA	NA	NA	NA	NA	NA	NA	NA	NA	NA	NA	NA	NA	NA	NA	NA	NA	NA	NA	NA	NA	NA	NA	NA	NA	NA	NA	NA	NA	NA	NA	NA	NA	NA	NA	NA	NA	NA	NA	NA	NA	NA	NA	NA
58	8	59354676	59363853	0.64988789578274	0.200708287216421	0.0121771095255695	2.92391296549856	2	1	1	NA	NA	NA	NA	NA	NA	NA	NA	NA	NA	NA	NA	NA	NA	NA	NA	NA	NA	NA	NA	NA	NA	NA	NA	NA	NA	NA	NA	NA	NA	NA	NA	NA	NA	NA	NA	NA	NA	NA	NA	NA	NA	NA	NA	NA	NA	NA	NA	NA	NA	NA	NA	NA	NA	NA	NA	NA
59	8	59363898	105722250	0.92896684783391	1	0.0578246957731078	3.80445154686301	4	0	1	NA	NA	NA	NA	NA	NA	NA	NA	NA	NA	NA	NA	NA	NA	NA	NA	NA	NA	NA	NA	NA	NA	NA	NA	NA	NA	NA	NA	NA	NA	NA	NA	NA	NA	NA	NA	NA	NA	NA	NA	NA	NA	NA	NA	NA	NA	NA	NA	NA	NA	NA	NA	NA	NA	NA	NA	NA
60	8	105722385	105728591	0.542664074961471	0.786866614703108	-0.00752714183514159	2.87602022810092	1	1	1	NA	NA	NA	NA	NA	NA	NA	NA	NA	NA	NA	NA	NA	NA	NA	NA	NA	NA	NA	NA	NA	NA	NA	NA	NA	NA	NA	NA	NA	NA	NA	NA	NA	NA	NA	NA	NA	NA	NA	NA	NA	NA	NA	NA	NA	NA	NA	NA	NA	NA	NA	NA	NA	NA	NA	NA	NA
61	8	105728953	116050461	0.930279449635634	1	-0.013950678503148	3.88749806207223	4	0	1	NA	NA	NA	NA	NA	NA	NA	NA	NA	NA	NA	NA	NA	NA	NA	NA	NA	NA	NA	NA	NA	NA	NA	NA	NA	NA	NA	NA	NA	NA	NA	NA	NA	NA	NA	NA	NA	NA	NA	NA	NA	NA	NA	NA	NA	NA	NA	NA	NA	NA	NA	NA	NA	NA	NA	NA	NA
62	8	116051118	116640372	0.848434423735268	0.0116183564511768	-0.0369866523366398	2.80562559751964	2	0	0.89186467095144	2	1	0.10813532904856	0.0444176290960098	0.0445368248823635	0.793003270155385	0.967235339855663	2	0	0.94593233547572	2	2	0.05406766452428	0.0222088145480049	0.0222684124411818	0.896501635077693	0.983617669927832	3	0	0.713223196696472	3	1	0.286776803303528	0.0637016714017639	0.0618167140161743	0.589955379596642	0.827665107650406	3	0	0.856611598348236	3	2	0.143388401651764	0.031850835700882	0.0309083570080872	0.794977689798321	0.913832553825203	NA	NA	NA	NA	NA	NA	NA	NA	NA	NA	NA	NA	NA	NA	NA	NA	NA	NA	NA	NA
63	8	116640913	117659339	0.915181504659825	1	0.00203807934492016	3.08752239174915	3	0	1	NA	NA	NA	NA	NA	NA	NA	NA	NA	NA	NA	NA	NA	NA	NA	NA	NA	NA	NA	NA	NA	NA	NA	NA	NA	NA	NA	NA	NA	NA	NA	NA	NA	NA	NA	NA	NA	NA	NA	NA	NA	NA	NA	NA	NA	NA	NA	NA	NA	NA	NA	NA	NA	NA	NA	NA	NA
64	8	117663034	117785148	0.762839466490205	0.00343897444200784	0.0121311819330587	2.92380057259283	2	0	0.587247737131141	2	1	0.412752262868859	0.158670352361788	0.155461747661609	0.239486591649559	0.845148734897002	2	0	0.79362386856557	2	2	0.20637613143443	0.0793351761808939	0.0777308738308044	0.619743295824779	0.922574367448501	3	0	0.276355938885617	3	1	0.723644061114383	0.227557545349953	0.222955915627052	-0.222386715025163	0.646225401714367	3	0	0.638177969442808	3	2	0.361822030557192	0.113778772674976	0.111477957813526	0.388806642487418	0.823112700857184	NA	NA	NA	NA	NA	NA	NA	NA	NA	NA	NA	NA	NA	NA	NA	NA	NA	NA	NA	NA
65	8	117785389	121921765	0.928277123547889	1	0.064941520887837	3.76203190050058	4	0	1	NA	NA	NA	NA	NA	NA	NA	NA	NA	NA	NA	NA	NA	NA	NA	NA	NA	NA	NA	NA	NA	NA	NA	NA	NA	NA	NA	NA	NA	NA	NA	NA	NA	NA	NA	NA	NA	NA	NA	NA	NA	NA	NA	NA	NA	NA	NA	NA	NA	NA	NA	NA	NA	NA	NA	NA	NA
66	8	121921871	121952344	0.533144807069038	0.815009772747363	-0.0742211928371954	2.71868431150584	1	1	1	NA	NA	NA	NA	NA	NA	NA	NA	NA	NA	NA	NA	NA	NA	NA	NA	NA	NA	NA	NA	NA	NA	NA	NA	NA	NA	NA	NA	NA	NA	NA	NA	NA	NA	NA	NA	NA	NA	NA	NA	NA	NA	NA	NA	NA	NA	NA	NA	NA	NA	NA	NA	NA	NA	NA	NA	NA
67	8	121957664	122217558	0.92119380772909	1	0.0323459339219185	3.36936085877684	3	0	1	NA	NA	NA	NA	NA	NA	NA	NA	NA	NA	NA	NA	NA	NA	NA	NA	NA	NA	NA	NA	NA	NA	NA	NA	NA	NA	NA	NA	NA	NA	NA	NA	NA	NA	NA	NA	NA	NA	NA	NA	NA	NA	NA	NA	NA	NA	NA	NA	NA	NA	NA	NA	NA	NA	NA	NA	NA
68	8	122218737	122231047	0.601653957925009	0.180858941506365	0.005255147811211	2.90701400924007	2	1	1	NA	NA	NA	NA	NA	NA	NA	NA	NA	NA	NA	NA	NA	NA	NA	NA	NA	NA	NA	NA	NA	NA	NA	NA	NA	NA	NA	NA	NA	NA	NA	NA	NA	NA	NA	NA	NA	NA	NA	NA	NA	NA	NA	NA	NA	NA	NA	NA	NA	NA	NA	NA	NA	NA	NA	NA	NA
69	8	122231449	146300287	0.929186007377289	1	0.0987977839103725	3.8181033661107	4	0	1	NA	NA	NA	NA	NA	NA	NA	NA	NA	NA	NA	NA	NA	NA	NA	NA	NA	NA	NA	NA	NA	NA	NA	NA	NA	NA	NA	NA	NA	NA	NA	NA	NA	NA	NA	NA	NA	NA	NA	NA	NA	NA	NA	NA	NA	NA	NA	NA	NA	NA	NA	NA	NA	NA	NA	NA	NA
70	9	203761	7309750	0.620674339386372	4.42832507566286e-64	0.0944151182961203	3.13101366638201	2	1	0.895650211298196	2	2	0.104349788701804	0.00629602611132091	0.00614945545280304	0.883296869469435	0.907088495514876	2	0	0.447825105649098	2	2	0.552174894350902	0.00314801305566037	0.0031343027967902	0.441759006397749	0.453927618015079	2	1	0.947825105649098	2	3	0.0521748943509023	0.00314801305566031	0.00313430279679019	0.941759006397749	0.953927618015079	3	1	0.284499344341704	3	2	0.715500655658296	0.00902946408087985	0.00900617313382726	0.266816604286174	0.301073627136086	3	0	0.142249672170852	3	2	0.857750327829148	0.00451473204043999	0.00450308656691363	0.133408302143087	0.150536813568043	3	1	0.642249672170852	3	3	0.357750327829148	0.00451473204044006	0.00453963342975856	0.63340737278146	0.65071465623972
71	9	7310573	13798290	0.646038845264862	1	-0.0115719216722393	2.86626973026385	2	1	1	NA	NA	NA	NA	NA	NA	NA	NA	NA	NA	NA	NA	NA	NA	NA	NA	NA	NA	NA	NA	NA	NA	NA	NA	NA	NA	NA	NA	NA	NA	NA	NA	NA	NA	NA	NA	NA	NA	NA	NA	NA	NA	NA	NA	NA	NA	NA	NA	NA	NA	NA	NA	NA	NA	NA	NA	NA
72	9	13798727	19869281	0.613327621292171	2.48151384967201e-76	0.0929579162661968	3.12724030244801	2	1	0.851197898782018	2	2	0.148802101217982	0.00825909674377456	0.00817051648739989	0.835278589213766	0.867328877453755	2	0	0.425598949391009	2	2	0.574401050608991	0.00412954837188745	0.00419409124854375	0.417475260376114	0.433996082380884	2	1	0.925598949391009	2	3	0.0744010506089907	0.00412954837188723	0.00419409124854375	0.917475260376114	0.933996082380884	1	1	0.236025234303744	2	1	0.763974765696256	0.0117580034180797	0.011947103434868	0.21174898482556	0.258846889887804	0	1	0.118012617151872	2	1	0.881987382848128	0.00587900170903981	0.00585526919377242	0.106291365467253	0.129867722056599	1	1	0.618012617151873	3	1	0.381987382848127	0.00587900170903999	0.00585526919377243	0.606291365467253	0.629867722056599
73	9	19870982	94927621	0.62971926739529	1	0.0849518967709015	3.10657690391789	2	1	1	NA	NA	NA	NA	NA	NA	NA	NA	NA	NA	NA	NA	NA	NA	NA	NA	NA	NA	NA	NA	NA	NA	NA	NA	NA	NA	NA	NA	NA	NA	NA	NA	NA	NA	NA	NA	NA	NA	NA	NA	NA	NA	NA	NA	NA	NA	NA	NA	NA	NA	NA	NA	NA	NA	NA	NA	NA
74	9	94928184	120039299	0.64278523060507	1	0.12053723206712	3.19930636240699	2	1	1	NA	NA	NA	NA	NA	NA	NA	NA	NA	NA	NA	NA	NA	NA	NA	NA	NA	NA	NA	NA	NA	NA	NA	NA	NA	NA	NA	NA	NA	NA	NA	NA	NA	NA	NA	NA	NA	NA	NA	NA	NA	NA	NA	NA	NA	NA	NA	NA	NA	NA	NA	NA	NA	NA	NA	NA	NA
75	9	120040785	141069765	0.619560647673679	3.53025465799831e-130	0.224451208511018	3.48355620341768	2	1	0.888979461221488	2	2	0.111020538778512	0.00467041463335355	0.00452117672531691	0.880393984181473	0.898247433318426	2	0	0.444489730610744	2	2	0.555510269389256	0.002335207316677	0.00243246031473613	0.439668272963832	0.449479385676231	2	1	0.944489730610744	2	3	0.0555102693892561	0.00233520731667675	0.00235953781444775	0.939850948064934	0.948891348558414	3	1	0.274932468800662	3	2	0.725067531199338	0.00669808867197313	0.00665691028652673	0.261605700674511	0.287840419854571	3	0	0.137466234400331	3	2	0.862533765599669	0.00334904433598657	0.00333489394783312	0.130972557543508	0.143932696213697	3	1	0.637466234400331	3	3	0.362533765599669	0.00334904433598671	0.00333853851233414	0.631075596196464	0.643929698813872
76	10	94426	121452312	0.642268431691319	1	0.124008367144117	3.20847459991925	2	1	1	NA	NA	NA	NA	NA	NA	NA	NA	NA	NA	NA	NA	NA	NA	NA	NA	NA	NA	NA	NA	NA	NA	NA	NA	NA	NA	NA	NA	NA	NA	NA	NA	NA	NA	NA	NA	NA	NA	NA	NA	NA	NA	NA	NA	NA	NA	NA	NA	NA	NA	NA	NA	NA	NA	NA	NA	NA
77	10	121454139	121731405	0.504063543710749	1	0.225414821559782	3.48628908441717	2	2	1	NA	NA	NA	NA	NA	NA	NA	NA	NA	NA	NA	NA	NA	NA	NA	NA	NA	NA	NA	NA	NA	NA	NA	NA	NA	NA	NA	NA	NA	NA	NA	NA	NA	NA	NA	NA	NA	NA	NA	NA	NA	NA	NA	NA	NA	NA	NA	NA	NA	NA	NA	NA	NA	NA	NA	NA	NA
78	10	121731576	135233770	0.633296903875725	1	0.103111865205719	3.15361295240862	2	1	1	NA	NA	NA	NA	NA	NA	NA	NA	NA	NA	NA	NA	NA	NA	NA	NA	NA	NA	NA	NA	NA	NA	NA	NA	NA	NA	NA	NA	NA	NA	NA	NA	NA	NA	NA	NA	NA	NA	NA	NA	NA	NA	NA	NA	NA	NA	NA	NA	NA	NA	NA	NA	NA	NA	NA	NA	NA
79	11	196851	15462053	0.622671034386413	8.21564233420078e-163	0.166461940759705	3.32240943210827	2	1	0.907550200680208	2	2	0.0924497993197918	0.00344249909726102	0.00334090882763609	0.901235368746567	0.914281876258437	2	0	0.453775100340104	2	2	0.546224899659896	0.00172124954863062	0.00176388928064399	0.450206348214976	0.457239055027634	2	1	0.953775100340104	2	3	0.046224899659896	0.0017212495486304	0.00171577160083523	0.950140271836087	0.957155825353599	3	1	0.30156574857636	3	2	0.69843425142364	0.00493707004983504	0.0050009247689983	0.291675172752481	0.311688485767906	3	0	0.15078287428818	3	2	0.84921712571182	0.00246853502491752	0.00254758186597746	0.145694050412008	0.155916763889269	3	1	0.65078287428818	3	3	0.34921712571182	0.00246853502491745	0.0024654669454109	0.645818886852981	0.655506847325406
80	11	15463307	16597295	0.576805899975918	2.96554161727618e-54	-0.00463235848106889	2.88301530363653	1	1	0.5269126136116	2	1	0.4730873863884	0.0271327539400151	0.0272221898299338	0.472939597405952	0.580806036940253	0	1	0.2634563068058	2	1	0.7365436931942	0.0135663769700075	0.0136110949149669	0.236469798702976	0.290403018470126	1	1	0.7634563068058	3	1	0.2365436931942	0.0135663769700077	0.0136110949149669	0.736469798702976	0.790403018470127	2	1	0.613411878557401	2	2	0.386588121442599	0.0258106557003713	0.0259021324458338	0.559848036745068	0.663062826139979	2	0	0.3067059392787	2	2	0.6932940607213	0.0129053278501857	0.0129510662229169	0.279924018372534	0.331531413069989	2	1	0.8067059392787	2	3	0.1932940607213	0.0129053278501856	0.0129510662229169	0.779924018372534	0.831531413069989
81	11	16597467	29247791	0.617895992729582	1.57971487264339e-182	0.064821159081972	3.05512365999598	2	1	0.878963737900038	2	2	0.121036262099962	0.00425580632630174	0.00430447631015723	0.870863441172779	0.887656918205329	2	0	0.439481868950019	2	2	0.560518131049981	0.00212790316315076	0.00213789815343034	0.435166827587265	0.443519091785736	2	1	0.939481868950019	2	3	0.060518131049981	0.00212790316315098	0.00217905352359612	0.935358627322056	0.943770929143342	1	1	0.195726346501271	2	1	0.804273653498729	0.00629722832436584	0.00644938778837858	0.182913516408851	0.207854722148378	0	1	0.0978631732506355	2	1	0.902136826749364	0.00314861416218292	0.00315712228394861	0.0914504091206722	0.10378859495718	1	1	0.597863173250636	3	1	0.402136826749364	0.00314861416218309	0.0031571222839486	0.591450409120673	0.60378859495718
82	11	29248507	35544493	0.643165566774953	1	0.0899812902225238	3.11954428746093	2	1	1	NA	NA	NA	NA	NA	NA	NA	NA	NA	NA	NA	NA	NA	NA	NA	NA	NA	NA	NA	NA	NA	NA	NA	NA	NA	NA	NA	NA	NA	NA	NA	NA	NA	NA	NA	NA	NA	NA	NA	NA	NA	NA	NA	NA	NA	NA	NA	NA	NA	NA	NA	NA	NA	NA	NA	NA	NA
83	11	35547418	39354683	0.603964476685188	3.07431914419544e-58	0.0225869472847914	2.94948020685473	1	1	0.315714684995385	2	1	0.684285315004615	0.0175050096294764	0.0179866093771691	0.281083834832543	0.35053866106247	0	1	0.157857342497693	2	1	0.842142657502307	0.00875250481473815	0.00865743245831199	0.140997794274562	0.174559806715529	1	1	0.657857342497692	3	1	0.342142657502308	0.00875250481473816	0.00865743245831199	0.640997794274562	0.67455980671553	2	1	0.792977508914831	2	2	0.207022491085169	0.013301534553769	0.0131622333862285	0.76707019930702	0.817897718236132	2	0	0.396488754457415	2	2	0.603511245542585	0.00665076727688452	0.00658111669311427	0.38353509965351	0.408948859118066	2	1	0.896488754457415	2	3	0.103511245542585	0.00665076727688463	0.00658111669311427	0.88353509965351	0.908948859118066
84	11	39354846	51190910	0.626108784015433	3.89902917788315e-28	0.158063838114267	3.29960421323309	2	1	0.927860816022352	2	2	0.0721391839776475	0.00665737609805334	0.00682476723322429	0.9144318259222	0.940608649822251	2	0	0.463930408011176	2	2	0.536069591988824	0.00332868804902658	0.00340516228696934	0.457070187795882	0.470384698430726	2	1	0.963930408011176	2	3	0.0360695919888238	0.00332868804902653	0.00340516228696934	0.957070187795881	0.970384698430726	3	1	0.33069427638896	3	2	0.66930572361104	0.00954769521082405	0.00968615888908148	0.310627997349119	0.349569185811818	3	0	0.16534713819448	3	2	0.83465286180552	0.00477384760541202	0.00484307944454075	0.155313998674559	0.174784592905909	3	1	0.66534713819448	3	3	0.33465286180552	0.00477384760541211	0.00469159916840989	0.655925754868881	0.674112335226062
85	11	51191702	119918352	0.501142552838138	1	0.485386095495391	4.29446415267788	2	2	1	NA	NA	NA	NA	NA	NA	NA	NA	NA	NA	NA	NA	NA	NA	NA	NA	NA	NA	NA	NA	NA	NA	NA	NA	NA	NA	NA	NA	NA	NA	NA	NA	NA	NA	NA	NA	NA	NA	NA	NA	NA	NA	NA	NA	NA	NA	NA	NA	NA	NA	NA	NA	NA	NA	NA	NA	NA
86	11	119920110	120879655	0.569292663277401	1.79235659962406e-14	0.78696449762395	5.43393960662112	3	2	0.80414508994495	3	3	0.19585491005505	0.0259291251041626	0.0257727648928176	0.751432395051704	0.848855177775924	3	1	0.402072544972475	3	3	0.597927455027525	0.0129645625520813	0.0128863824464088	0.375716197525852	0.424427588887962	3	2	0.902072544972475	3	4	0.097927455027525	0.0129645625520813	0.0128863824464088	0.875716197525852	0.924427588887962	4	2	0.0475793294747038	4	3	0.952420670525296	0.0337785007085524	0.0335748064655538	-0.0210907777752848	0.105824246239579	4	1	0.0237896647373519	4	3	0.976210335262648	0.0168892503542762	0.0167874032327769	-0.0105453888876424	0.0529121231197896	4	2	0.523789664737352	4	4	0.476210335262648	0.0168892503542762	0.0167874032327769	0.489454611112358	0.552912123119789
87	11	120934681	134946381	0.500543089503513	1	0.447529324985767	4.16752948779128	2	2	1	NA	NA	NA	NA	NA	NA	NA	NA	NA	NA	NA	NA	NA	NA	NA	NA	NA	NA	NA	NA	NA	NA	NA	NA	NA	NA	NA	NA	NA	NA	NA	NA	NA	NA	NA	NA	NA	NA	NA	NA	NA	NA	NA	NA	NA	NA	NA	NA	NA	NA	NA	NA	NA	NA	NA	NA	NA
88	12	188285	38113649	0.501154241674891	1	-0.379363799135017	2.08474572696428	1	1	1	NA	NA	NA	NA	NA	NA	NA	NA	NA	NA	NA	NA	NA	NA	NA	NA	NA	NA	NA	NA	NA	NA	NA	NA	NA	NA	NA	NA	NA	NA	NA	NA	NA	NA	NA	NA	NA	NA	NA	NA	NA	NA	NA	NA	NA	NA	NA	NA	NA	NA	NA	NA	NA	NA	NA	NA	NA
89	12	38116165	38676383	0.669987872818007	6.714238740565e-133	-0.14103696165656	2.56818841503892	2	0	0.168794854106762	2	1	0.831205145893238	0.00598241323661682	0.00581114761514225	0.156801566150761	0.17994975556019	2	0	0.584397427053381	2	2	0.415602572946619	0.00299120661830865	0.0029653365794292	0.578839537769233	0.590325052455208	1	0	0.661359183359384	1	1	0.338640816640616	0.00338513120483519	0.00335585423167489	0.655069352247876	0.668067442693754	1	0	0.830679591679692	1	2	0.169320408320308	0.0016925656024176	0.00167792711583744	0.827534676123938	0.834033721346877	NA	NA	NA	NA	NA	NA	NA	NA	NA	NA	NA	NA	NA	NA	NA	NA	NA	NA	NA	NA
90	12	38677890	118811805	0.501035947142374	1	-0.394649841935862	2.05637941352118	1	1	1	NA	NA	NA	NA	NA	NA	NA	NA	NA	NA	NA	NA	NA	NA	NA	NA	NA	NA	NA	NA	NA	NA	NA	NA	NA	NA	NA	NA	NA	NA	NA	NA	NA	NA	NA	NA	NA	NA	NA	NA	NA	NA	NA	NA	NA	NA	NA	NA	NA	NA	NA	NA	NA	NA	NA	NA	NA
91	12	118812693	133839356	0.859446629798247	0	-1.06405523611722	1.62263070570267	1	0	0.448516645553624	2	0	0.551483354446376	0.00767817259990014	0.00766168958081641	0.43408789305176	0.463529065305488	0	0	0.224258322776812	2	0	0.775741677223188	0.00383908629994996	0.00375794189655924	0.217154390934966	0.231638177385538	1	0	0.724258322776815	3	0	0.275741677223185	0.00383908629995056	0.00386768074730058	0.7163192808789	0.731747854225086	2	0	0.926649865229042	2	1	0.0733501347709576	0.00155930311761321	0.00157022743917531	0.923551729490632	0.929845939830436	2	0	0.963324932614521	2	2	0.0366750673854788	0.000779651558806549	0.000755170176905705	0.961785015921033	0.96477469290148	NA	NA	NA	NA	NA	NA	NA	NA	NA	NA
92	13	19449461	114991271	0.500961253189761	1	-0.466301788821084	1.92734874327451	1	1	1	NA	NA	NA	NA	NA	NA	NA	NA	NA	NA	NA	NA	NA	NA	NA	NA	NA	NA	NA	NA	NA	NA	NA	NA	NA	NA	NA	NA	NA	NA	NA	NA	NA	NA	NA	NA	NA	NA	NA	NA	NA	NA	NA	NA	NA	NA	NA	NA	NA	NA	NA	NA	NA	NA	NA	NA	NA
93	14	20425051	107288377	0.501258562778265	1	-0.403237110473525	2.04057537103194	1	1	1	NA	NA	NA	NA	NA	NA	NA	NA	NA	NA	NA	NA	NA	NA	NA	NA	NA	NA	NA	NA	NA	NA	NA	NA	NA	NA	NA	NA	NA	NA	NA	NA	NA	NA	NA	NA	NA	NA	NA	NA	NA	NA	NA	NA	NA	NA	NA	NA	NA	NA	NA	NA	NA	NA	NA	NA	NA
94	15	20010372	68084359	0.500999596922279	1	0.504605937236843	4.36019483246833	2	2	1	NA	NA	NA	NA	NA	NA	NA	NA	NA	NA	NA	NA	NA	NA	NA	NA	NA	NA	NA	NA	NA	NA	NA	NA	NA	NA	NA	NA	NA	NA	NA	NA	NA	NA	NA	NA	NA	NA	NA	NA	NA	NA	NA	NA	NA	NA	NA	NA	NA	NA	NA	NA	NA	NA	NA	NA	NA
95	15	68086838	68331489	0.594303724758143	1	0.885076129959304	5.85902661694735	3	2	1	NA	NA	NA	NA	NA	NA	NA	NA	NA	NA	NA	NA	NA	NA	NA	NA	NA	NA	NA	NA	NA	NA	NA	NA	NA	NA	NA	NA	NA	NA	NA	NA	NA	NA	NA	NA	NA	NA	NA	NA	NA	NA	NA	NA	NA	NA	NA	NA	NA	NA	NA	NA	NA	NA	NA	NA	NA
96	15	68331720	102429049	0.500825878944982	1	0.50706625502498	4.36867236672243	2	2	1	NA	NA	NA	NA	NA	NA	NA	NA	NA	NA	NA	NA	NA	NA	NA	NA	NA	NA	NA	NA	NA	NA	NA	NA	NA	NA	NA	NA	NA	NA	NA	NA	NA	NA	NA	NA	NA	NA	NA	NA	NA	NA	NA	NA	NA	NA	NA	NA	NA	NA	NA	NA	NA	NA	NA	NA	NA
97	16	83802	2381777	0.634073147654926	1	0.334853535352202	3.80884896497885	2	1	1	NA	NA	NA	NA	NA	NA	NA	NA	NA	NA	NA	NA	NA	NA	NA	NA	NA	NA	NA	NA	NA	NA	NA	NA	NA	NA	NA	NA	NA	NA	NA	NA	NA	NA	NA	NA	NA	NA	NA	NA	NA	NA	NA	NA	NA	NA	NA	NA	NA	NA	NA	NA	NA	NA	NA	NA	NA
98	16	2382520	3782853	0.908767008418309	1	-0.153567842031055	2.82778744519168	3	0	1	NA	NA	NA	NA	NA	NA	NA	NA	NA	NA	NA	NA	NA	NA	NA	NA	NA	NA	NA	NA	NA	NA	NA	NA	NA	NA	NA	NA	NA	NA	NA	NA	NA	NA	NA	NA	NA	NA	NA	NA	NA	NA	NA	NA	NA	NA	NA	NA	NA	NA	NA	NA	NA	NA	NA	NA	NA
99	16	3783149	35272667	0.641948241042498	1	0.270654880188087	3.61666979363429	2	1	1	NA	NA	NA	NA	NA	NA	NA	NA	NA	NA	NA	NA	NA	NA	NA	NA	NA	NA	NA	NA	NA	NA	NA	NA	NA	NA	NA	NA	NA	NA	NA	NA	NA	NA	NA	NA	NA	NA	NA	NA	NA	NA	NA	NA	NA	NA	NA	NA	NA	NA	NA	NA	NA	NA	NA	NA	NA
100	16	46445605	80929396	0.500624105472928	1	-0.350983950425384	2.13821388765032	1	1	1	NA	NA	NA	NA	NA	NA	NA	NA	NA	NA	NA	NA	NA	NA	NA	NA	NA	NA	NA	NA	NA	NA	NA	NA	NA	NA	NA	NA	NA	NA	NA	NA	NA	NA	NA	NA	NA	NA	NA	NA	NA	NA	NA	NA	NA	NA	NA	NA	NA	NA	NA	NA	NA	NA	NA	NA	NA
101	16	80948703	81968406	0.628495284833409	8.38309470122924e-06	0.295860865506983	3.69110609321849	2	1	0.941829872223647	2	2	0.0581701277763531	0.0132227619879977	0.0131188952080223	0.916810156928245	0.967721794630486	2	0	0.470914936111824	2	2	0.529085063888176	0.00661138099399883	0.00655944760401113	0.458405078464122	0.483860897315243	2	1	0.970914936111824	2	3	0.0290850638881763	0.00661138099399872	0.00658490887295438	0.958139688398588	0.983625073825242	3	1	0.350728038794516	3	2	0.649271961205484	0.0189634623982853	0.0188875322601665	0.314084721784256	0.387184600415186	3	0	0.175364019397258	3	2	0.824635980602742	0.00948173119914272	0.00944376613008323	0.157042360892128	0.193592300207593	3	1	0.675364019397258	3	3	0.324635980602742	0.0094817311991427	0.00944376613008323	0.657042360892128	0.693592300207593
102	16	81969847	89998794	0.501824661126338	1	-0.309641804184477	2.21800972761993	1	1	1	NA	NA	NA	NA	NA	NA	NA	NA	NA	NA	NA	NA	NA	NA	NA	NA	NA	NA	NA	NA	NA	NA	NA	NA	NA	NA	NA	NA	NA	NA	NA	NA	NA	NA	NA	NA	NA	NA	NA	NA	NA	NA	NA	NA	NA	NA	NA	NA	NA	NA	NA	NA	NA	NA	NA	NA	NA
103	17	1869	4052772	0.503063871945382	1	-0.0779104753685099	2.71019152137197	1	1	1	NA	NA	NA	NA	NA	NA	NA	NA	NA	NA	NA	NA	NA	NA	NA	NA	NA	NA	NA	NA	NA	NA	NA	NA	NA	NA	NA	NA	NA	NA	NA	NA	NA	NA	NA	NA	NA	NA	NA	NA	NA	NA	NA	NA	NA	NA	NA	NA	NA	NA	NA	NA	NA	NA	NA	NA	NA
104	17	4056003	7589311	0.854033263036737	2.24401087294293e-51	-0.957871702842529	1.53995410727162	1	0	0.528554651696646	2	0	0.471445348303354	0.0273379467136541	0.0268862328740946	0.47750809965836	0.583226156731928	0	0	0.264277325848323	2	0	0.735722674151677	0.0136689733568269	0.0134589467169583	0.2391455208646	0.290726250845471	1	0	0.764277325848325	3	0	0.235722674151675	0.0136689733568265	0.0134589467169583	0.739145520864602	0.790726250845474	2	0	0.909662303385489	2	1	0.0903376966145112	0.00606295718351391	0.00598097391482772	0.897540239988063	0.920484915252327	2	0	0.954831151692745	2	2	0.0451688483072552	0.00303147859175706	0.00299048695741386	0.948770119994031	0.960242457626164	NA	NA	NA	NA	NA	NA	NA	NA	NA	NA
105	17	7592168	40782083	0.50217226686278	1	-0.25789820934862	2.32115825860009	1	1	1	NA	NA	NA	NA	NA	NA	NA	NA	NA	NA	NA	NA	NA	NA	NA	NA	NA	NA	NA	NA	NA	NA	NA	NA	NA	NA	NA	NA	NA	NA	NA	NA	NA	NA	NA	NA	NA	NA	NA	NA	NA	NA	NA	NA	NA	NA	NA	NA	NA	NA	NA	NA	NA	NA	NA	NA	NA
106	17	40807031	45059074	0.638556585903099	1	0.36892470025349	3.91436846159103	2	1	1	NA	NA	NA	NA	NA	NA	NA	NA	NA	NA	NA	NA	NA	NA	NA	NA	NA	NA	NA	NA	NA	NA	NA	NA	NA	NA	NA	NA	NA	NA	NA	NA	NA	NA	NA	NA	NA	NA	NA	NA	NA	NA	NA	NA	NA	NA	NA	NA	NA	NA	NA	NA	NA	NA	NA	NA	NA
107	17	45073086	48229157	0.500202797237719	1	-0.177414697965552	2.48913477332583	1	1	1	NA	NA	NA	NA	NA	NA	NA	NA	NA	NA	NA	NA	NA	NA	NA	NA	NA	NA	NA	NA	NA	NA	NA	NA	NA	NA	NA	NA	NA	NA	NA	NA	NA	NA	NA	NA	NA	NA	NA	NA	NA	NA	NA	NA	NA	NA	NA	NA	NA	NA	NA	NA	NA	NA	NA	NA	NA
108	17	48229441	62379266	0.638679665047238	1	0.185492842761886	3.37458214878428	2	1	1	NA	NA	NA	NA	NA	NA	NA	NA	NA	NA	NA	NA	NA	NA	NA	NA	NA	NA	NA	NA	NA	NA	NA	NA	NA	NA	NA	NA	NA	NA	NA	NA	NA	NA	NA	NA	NA	NA	NA	NA	NA	NA	NA	NA	NA	NA	NA	NA	NA	NA	NA	NA	NA	NA	NA	NA	NA
109	17	62381714	79999942	0.501822141910563	1	-0.24946153598109	2.33832994938604	1	1	1	NA	NA	NA	NA	NA	NA	NA	NA	NA	NA	NA	NA	NA	NA	NA	NA	NA	NA	NA	NA	NA	NA	NA	NA	NA	NA	NA	NA	NA	NA	NA	NA	NA	NA	NA	NA	NA	NA	NA	NA	NA	NA	NA	NA	NA	NA	NA	NA	NA	NA	NA	NA	NA	NA	NA	NA	NA
110	18	125371	659871	0.876728083189289	1	-0.294414485399702	2.24798149690264	2	0	1	NA	NA	NA	NA	NA	NA	NA	NA	NA	NA	NA	NA	NA	NA	NA	NA	NA	NA	NA	NA	NA	NA	NA	NA	NA	NA	NA	NA	NA	NA	NA	NA	NA	NA	NA	NA	NA	NA	NA	NA	NA	NA	NA	NA	NA	NA	NA	NA	NA	NA	NA	NA	NA	NA	NA	NA	NA
111	18	659873	675774	0.543206384226295	0.725862066961699	-0.306279920460213	2.22459970290877	1	1	1	NA	NA	NA	NA	NA	NA	NA	NA	NA	NA	NA	NA	NA	NA	NA	NA	NA	NA	NA	NA	NA	NA	NA	NA	NA	NA	NA	NA	NA	NA	NA	NA	NA	NA	NA	NA	NA	NA	NA	NA	NA	NA	NA	NA	NA	NA	NA	NA	NA	NA	NA	NA	NA	NA	NA	NA	NA
112	18	675787	1036595	0.835289234396631	4.31455590556991e-05	-0.214628489318202	2.41030068762416	2	0	0.849140958973524	2	1	0.150859041026476	0.0386393732174242	0.0368496613051716	0.770118943023948	0.918020697164517	2	0	0.924570479486762	2	2	0.0754295205132379	0.0193196866087122	0.0184248306525858	0.885059471511974	0.959010348582258	3	0	0.651950861435217	3	1	0.348049138564783	0.055414768999627	0.0528480484776526	0.538621208412899	0.750734937437965	3	0	0.825975430717608	3	2	0.174024569282392	0.0277073844998135	0.0264240242388263	0.769310604206449	0.875367468718983	NA	NA	NA	NA	NA	NA	NA	NA	NA	NA	NA	NA	NA	NA	NA	NA	NA	NA	NA	NA
113	18	1047328	2414129	0.891507258639876	1	-0.490201498822075	2.28141069857675	2	0	1	NA	NA	NA	NA	NA	NA	NA	NA	NA	NA	NA	NA	NA	NA	NA	NA	NA	NA	NA	NA	NA	NA	NA	NA	NA	NA	NA	NA	NA	NA	NA	NA	NA	NA	NA	NA	NA	NA	NA	NA	NA	NA	NA	NA	NA	NA	NA	NA	NA	NA	NA	NA	NA	NA	NA	NA	NA
114	18	2414352	2421920	0.506616784164213	1	-0.448568023557631	1.95868943070462	1	1	1	NA	NA	NA	NA	NA	NA	NA	NA	NA	NA	NA	NA	NA	NA	NA	NA	NA	NA	NA	NA	NA	NA	NA	NA	NA	NA	NA	NA	NA	NA	NA	NA	NA	NA	NA	NA	NA	NA	NA	NA	NA	NA	NA	NA	NA	NA	NA	NA	NA	NA	NA	NA	NA	NA	NA	NA	NA
115	18	2422371	2891847	0.852207670404116	0.0012382504681704	-0.316038685052006	2.20551287128391	2	0	0.90388479017323	2	1	0.0961152098267701	0.0306864887479563	0.0313218207936109	0.838435946342212	0.958582929452436	2	0	0.951942395086615	2	2	0.048057604913385	0.0153432443739781	0.0156609103968055	0.919217973171105	0.979291464726218	3	0	0.73046188548874	3	1	0.26953811451126	0.0440091167061379	0.0449202799993385	0.636598236568239	0.808907380342154	3	0	0.86523094274437	3	2	0.13476905725563	0.022004558353069	0.0223434595848232	0.814072329799938	0.905107175574708	NA	NA	NA	NA	NA	NA	NA	NA	NA	NA	NA	NA	NA	NA	NA	NA	NA	NA	NA	NA
116	18	2893172	2899628	0.616152481263384	0.131546692372123	-0.338744967881849	2.16159894973425	2	1	1	NA	NA	NA	NA	NA	NA	NA	NA	NA	NA	NA	NA	NA	NA	NA	NA	NA	NA	NA	NA	NA	NA	NA	NA	NA	NA	NA	NA	NA	NA	NA	NA	NA	NA	NA	NA	NA	NA	NA	NA	NA	NA	NA	NA	NA	NA	NA	NA	NA	NA	NA	NA	NA	NA	NA	NA	NA
117	18	2901296	3503820	0.863203031838419	0.00865128778418637	-0.254524660491483	2.32801260789592	2	0	0.938312522022549	2	1	0.0616874779774507	0.0239877960497089	0.0238738831728249	0.889360489912258	0.981950707688562	2	0	0.969156261011275	2	2	0.0308437389887249	0.0119938980248545	0.0119369415864124	0.944680244956129	0.990975353844281	3	0	0.77983651682336	3	1	0.22016348317664	0.034402167173492	0.0342387986912161	0.709631818207005	0.84242034717272	3	0	0.88991825841168	3	2	0.11008174158832	0.0172010835867459	0.017119399345608	0.854815909103503	0.92121017358636	NA	NA	NA	NA	NA	NA	NA	NA	NA	NA	NA	NA	NA	NA	NA	NA	NA	NA	NA	NA
118	18	3506333	3513800	0.71750301123014	0.0163248532000701	-0.215592288321267	2.40828585832508	2	0	0.396461089643221	2	1	0.603538910356779	0.540492010545919	4.74151470011304	-20.0446313286946	-0.801808934115603	2	0	0.698230544821611	2	2	0.301769455178389	0.27024600527296	2.37075735005652	-9.52231566434729	0.0990955329421984	1	0	0.790183463414903	1	1	0.209816536585097	0.305835838899295	2.68297236160388	-10.776349483975	0.112145840668167	1	0	0.895091731707451	1	2	0.104908268292549	0.152917919449647	1.34148618080194	-4.88817474198748	0.556072920334084	NA	NA	NA	NA	NA	NA	NA	NA	NA	NA	NA	NA	NA	NA	NA	NA	NA	NA	NA	NA
119	18	3514026	4212278	0.8748156326825	1	-0.338008358263497	2.16301273132052	2	0	1	NA	NA	NA	NA	NA	NA	NA	NA	NA	NA	NA	NA	NA	NA	NA	NA	NA	NA	NA	NA	NA	NA	NA	NA	NA	NA	NA	NA	NA	NA	NA	NA	NA	NA	NA	NA	NA	NA	NA	NA	NA	NA	NA	NA	NA	NA	NA	NA	NA	NA	NA	NA	NA	NA	NA	NA	NA
120	18	4214203	4223933	0.783327527745996	0.00596777053575216	-0.493131925408954	1.88065846795246	1	0	0.942826485645283	1	1	0.0571735143547173	0.283756716462935	5.15063537415609	-16.477279836238	-0.111140897011501	1	0	0.971413242822641	1	2	0.0285867571773586	0.141878358231468	2.57531768707804	-7.73863991811901	0.44442955149425	2	0	0.666221279547811	2	1	0.333778720452189	0.501472419775699	9.10252140163084	-30.119668051554	-1.19641506729825	2	0	0.833110639773906	2	2	0.166889360226094	0.250736209887849	4.55126070081542	-14.559834025777	-0.0982075336491268	NA	NA	NA	NA	NA	NA	NA	NA	NA	NA	NA	NA	NA	NA	NA	NA	NA	NA	NA	NA
121	18	4225003	6300369	0.858318826607191	8.59791421856318e-08	-0.478057578137758	1.90678419359333	1	0	0.465695883019551	2	0	0.534304116980449	0.0712591625337497	0.0693734852511996	0.328631558185671	0.593121423612393	0	0	0.232847941509776	2	0	0.767152058490224	0.0356295812668748	0.0346867426255998	0.164315779092836	0.296560711806197	1	0	0.732847941509778	3	0	0.267152058490222	0.0356295812668745	0.0346867426255997	0.664315779092837	0.796560711806197	2	0	0.923128402750735	2	1	0.0768715972492654	0.014727662468606	0.0148904298975241	0.894221113180664	0.953300860726842	2	0	0.961564201375367	2	2	0.0384357986246329	0.00736383123430301	0.00744521494876204	0.947110556590332	0.976650430363421	NA	NA	NA	NA	NA	NA	NA	NA	NA	NA
122	18	6303135	6314965	0.659210999468607	0.0265580948641649	-0.472858497920727	1.91585834618969	1	0	0.629556937763911	1	1	0.370443062236089	0.513445349270781	3.37818862254753	-13.3742668626959	0.448213572699294	1	0	0.814778468881955	1	2	0.185221531118045	0.25672267463539	1.68909431127377	-6.18713343134795	0.724106786349647	2	0	0.112591958711522	2	1	0.887408041288478	0.907392377988097	5.97014387579766	-24.6358316023794	-0.207889252174987	2	0	0.556295979355761	2	2	0.443704020644239	0.453696188994049	2.98507193789883	-11.8179158011897	0.396055373912507	NA	NA	NA	NA	NA	NA	NA	NA	NA	NA	NA	NA	NA	NA	NA	NA	NA	NA	NA	NA
123	18	6315744	7248695	0.83819577972062	1.60913478680706e-09	-0.354998833224056	2.13058575088023	2	0	0.858703031720232	2	1	0.141296968279768	0.0244799379950652	0.0236949332028202	0.811738533752785	0.902461227842735	2	0	0.929351515860116	2	2	0.0706484841398838	0.0122399689975326	0.0118474666014101	0.905869266876393	0.951230613921368	1	0	0.731961887612845	2	0	0.268038112387155	0.0866920975984308	0.0848109382829271	0.559566836453946	0.880714599213009	0	0	0.365980943806423	2	0	0.634019056193577	0.0433460487992155	0.0424054691414636	0.279783418226973	0.440357299606505	1	0	0.865980943806424	3	0	0.134019056193576	0.0433460487992153	0.0424054691414635	0.779783418226976	0.940357299606507	NA	NA	NA	NA	NA	NA	NA	NA	NA	NA
124	18	7249740	7257655	0.598676437194399	0.156424806376501	-0.290597603625312	2.25554394135536	2	1	1	NA	NA	NA	NA	NA	NA	NA	NA	NA	NA	NA	NA	NA	NA	NA	NA	NA	NA	NA	NA	NA	NA	NA	NA	NA	NA	NA	NA	NA	NA	NA	NA	NA	NA	NA	NA	NA	NA	NA	NA	NA	NA	NA	NA	NA	NA	NA	NA	NA	NA	NA	NA	NA	NA	NA	NA	NA
125	18	7258267	7615344	0.884264737017529	1	-0.31909089866789	2.19956960847952	2	0	1	NA	NA	NA	NA	NA	NA	NA	NA	NA	NA	NA	NA	NA	NA	NA	NA	NA	NA	NA	NA	NA	NA	NA	NA	NA	NA	NA	NA	NA	NA	NA	NA	NA	NA	NA	NA	NA	NA	NA	NA	NA	NA	NA	NA	NA	NA	NA	NA	NA	NA	NA	NA	NA	NA	NA	NA	NA
126	18	7616317	7677309	0.597914865155901	0.184917735097264	-0.433545048181721	1.9855424501722	1	1	1	NA	NA	NA	NA	NA	NA	NA	NA	NA	NA	NA	NA	NA	NA	NA	NA	NA	NA	NA	NA	NA	NA	NA	NA	NA	NA	NA	NA	NA	NA	NA	NA	NA	NA	NA	NA	NA	NA	NA	NA	NA	NA	NA	NA	NA	NA	NA	NA	NA	NA	NA	NA	NA	NA	NA	NA	NA
127	18	7678108	8665694	0.868108004402273	0.0170813972622106	-0.428748285348601	1.9941755511988	1	0	0.306790135932458	2	0	0.693209864067542	0.113561771372226	0.115828814947532	0.0494092883947217	0.518493364503536	0	0	0.153395067966229	2	0	0.846604932033771	0.0567808856861128	0.0571727929204157	0.0374779578346273	0.26904206871616	1	0	0.653395067966229	3	0	0.346604932033771	0.0567808856861132	0.0571727929204156	0.537477957834627	0.769042068716163	2	0	0.953389252198302	2	1	0.0466107478016982	0.019857481130774	0.0202779392112265	0.907502040731403	0.989454267593221	2	0	0.976694626099151	2	2	0.0233053739008491	0.00992874056538706	0.0101389696056132	0.953751020365701	0.99472713379661	NA	NA	NA	NA	NA	NA	NA	NA	NA	NA
128	18	8666507	8670492	0.735276679841991	0.0748325623647964	-0.318886068064496	2.19996806065209	2	1	1	NA	NA	NA	NA	NA	NA	NA	NA	NA	NA	NA	NA	NA	NA	NA	NA	NA	NA	NA	NA	NA	NA	NA	NA	NA	NA	NA	NA	NA	NA	NA	NA	NA	NA	NA	NA	NA	NA	NA	NA	NA	NA	NA	NA	NA	NA	NA	NA	NA	NA	NA	NA	NA	NA	NA	NA	NA
129	18	8678838	10769837	0.881114014107911	1	-0.376410305100793	2.09026125748775	2	0	1	NA	NA	NA	NA	NA	NA	NA	NA	NA	NA	NA	NA	NA	NA	NA	NA	NA	NA	NA	NA	NA	NA	NA	NA	NA	NA	NA	NA	NA	NA	NA	NA	NA	NA	NA	NA	NA	NA	NA	NA	NA	NA	NA	NA	NA	NA	NA	NA	NA	NA	NA	NA	NA	NA	NA	NA	NA
130	18	10769845	10772109	0.560580809005235	0.643282828499314	-0.467682009436618	1.92492561495487	1	1	1	NA	NA	NA	NA	NA	NA	NA	NA	NA	NA	NA	NA	NA	NA	NA	NA	NA	NA	NA	NA	NA	NA	NA	NA	NA	NA	NA	NA	NA	NA	NA	NA	NA	NA	NA	NA	NA	NA	NA	NA	NA	NA	NA	NA	NA	NA	NA	NA	NA	NA	NA	NA	NA	NA	NA	NA	NA
131	18	10773199	10840427	0.743693461209258	0.102959395337358	-0.429209349370147	1.99334449154154	1	0	1	NA	NA	NA	NA	NA	NA	NA	NA	NA	NA	NA	NA	NA	NA	NA	NA	NA	NA	NA	NA	NA	NA	NA	NA	NA	NA	NA	NA	NA	NA	NA	NA	NA	NA	NA	NA	NA	NA	NA	NA	NA	NA	NA	NA	NA	NA	NA	NA	NA	NA	NA	NA	NA	NA	NA	NA	NA
132	18	10842406	19275054	0.875886753445222	1	-0.343423771438585	2.15263571373116	2	0	1	NA	NA	NA	NA	NA	NA	NA	NA	NA	NA	NA	NA	NA	NA	NA	NA	NA	NA	NA	NA	NA	NA	NA	NA	NA	NA	NA	NA	NA	NA	NA	NA	NA	NA	NA	NA	NA	NA	NA	NA	NA	NA	NA	NA	NA	NA	NA	NA	NA	NA	NA	NA	NA	NA	NA	NA	NA
133	18	19276237	19281633	0.676944667553991	0.0852901037322583	-0.148064379946607	2.55276116201813	2	1	1	NA	NA	NA	NA	NA	NA	NA	NA	NA	NA	NA	NA	NA	NA	NA	NA	NA	NA	NA	NA	NA	NA	NA	NA	NA	NA	NA	NA	NA	NA	NA	NA	NA	NA	NA	NA	NA	NA	NA	NA	NA	NA	NA	NA	NA	NA	NA	NA	NA	NA	NA	NA	NA	NA	NA	NA	NA
134	18	19284297	22197262	0.894081467057797	0.00154718097790952	-0.281644765648332	2.27336103321405	2	0	0.742810493632325	3	0	0.257189506367675	0.0892180201235403	0.0881230411072169	0.563156198421896	0.896596570367643	1	0	0.371405246816163	3	0	0.628594753183837	0.0446090100617701	0.0449795429917521	0.274866032070694	0.45483858825455	2	0	0.871405246816162	4	0	0.128594753183838	0.0446090100617703	0.0449795429917522	0.774866032070694	0.95483858825455	3	0	0.912001981208136	3	1	0.0879980187918642	0.0136224780545195	0.0137320727125771	0.884680647170988	0.938442765037963	3	0	0.956000990604068	3	2	0.043999009395932	0.00681123902725972	0.00686603635628856	0.942340323585494	0.969221382518981	NA	NA	NA	NA	NA	NA	NA	NA	NA	NA
135	18	22197899	22215329	0.533570624599573	0.773642422754034	-0.477948423212609	1.90697436996234	1	1	1	NA	NA	NA	NA	NA	NA	NA	NA	NA	NA	NA	NA	NA	NA	NA	NA	NA	NA	NA	NA	NA	NA	NA	NA	NA	NA	NA	NA	NA	NA	NA	NA	NA	NA	NA	NA	NA	NA	NA	NA	NA	NA	NA	NA	NA	NA	NA	NA	NA	NA	NA	NA	NA	NA	NA	NA	NA
136	18	22216431	22316289	0.897656632691295	0.0920201222796395	-0.47182046890314	2.45494320407458	2	0	1	NA	NA	NA	NA	NA	NA	NA	NA	NA	NA	NA	NA	NA	NA	NA	NA	NA	NA	NA	NA	NA	NA	NA	NA	NA	NA	NA	NA	NA	NA	NA	NA	NA	NA	NA	NA	NA	NA	NA	NA	NA	NA	NA	NA	NA	NA	NA	NA	NA	NA	NA	NA	NA	NA	NA	NA	NA
137	18	22316797	22320533	0.630082041969824	1	-0.362663157827736	2.11608261339943	2	1	1	NA	NA	NA	NA	NA	NA	NA	NA	NA	NA	NA	NA	NA	NA	NA	NA	NA	NA	NA	NA	NA	NA	NA	NA	NA	NA	NA	NA	NA	NA	NA	NA	NA	NA	NA	NA	NA	NA	NA	NA	NA	NA	NA	NA	NA	NA	NA	NA	NA	NA	NA	NA	NA	NA	NA	NA	NA
138	18	22320900	22579691	0.790500009766224	0.312298451767456	-0.500243892628502	1.86842699714634	1	0	1	NA	NA	NA	NA	NA	NA	NA	NA	NA	NA	NA	NA	NA	NA	NA	NA	NA	NA	NA	NA	NA	NA	NA	NA	NA	NA	NA	NA	NA	NA	NA	NA	NA	NA	NA	NA	NA	NA	NA	NA	NA	NA	NA	NA	NA	NA	NA	NA	NA	NA	NA	NA	NA	NA	NA	NA	NA
139	18	22581601	22596041	0.548742011194311	0.737685255079689	-0.466332778129341	1.92729431270876	1	1	1	NA	NA	NA	NA	NA	NA	NA	NA	NA	NA	NA	NA	NA	NA	NA	NA	NA	NA	NA	NA	NA	NA	NA	NA	NA	NA	NA	NA	NA	NA	NA	NA	NA	NA	NA	NA	NA	NA	NA	NA	NA	NA	NA	NA	NA	NA	NA	NA	NA	NA	NA	NA	NA	NA	NA	NA	NA
140	18	22598272	28276687	0.887041548392178	1	-0.495901104983965	2.1672329595489	2	0	1	NA	NA	NA	NA	NA	NA	NA	NA	NA	NA	NA	NA	NA	NA	NA	NA	NA	NA	NA	NA	NA	NA	NA	NA	NA	NA	NA	NA	NA	NA	NA	NA	NA	NA	NA	NA	NA	NA	NA	NA	NA	NA	NA	NA	NA	NA	NA	NA	NA	NA	NA	NA	NA	NA	NA	NA	NA
141	18	28276961	28283653	0.71589837555257	0.0878136199698455	-0.677555211642395	1.58218075841679	1	0	1	NA	NA	NA	NA	NA	NA	NA	NA	NA	NA	NA	NA	NA	NA	NA	NA	NA	NA	NA	NA	NA	NA	NA	NA	NA	NA	NA	NA	NA	NA	NA	NA	NA	NA	NA	NA	NA	NA	NA	NA	NA	NA	NA	NA	NA	NA	NA	NA	NA	NA	NA	NA	NA	NA	NA	NA	NA
142	18	28287929	30427213	0.855719014068709	2.78817544888299e-07	-0.414829658084156	2.01938906726227	2	0	0.914975363916293	2	1	0.0850246360837073	0.0170158936800413	0.0172944153034609	0.879946503754488	0.948017995078121	2	0	0.957487681958146	2	2	0.0425123180418536	0.00850794684002065	0.00864720765173043	0.939973251877244	0.97400899753906	1	0	0.504274331724827	2	0	0.495725668275173	0.0789330938585134	0.0804489795175902	0.334856490434416	0.652955503857938	0	0	0.252137165862414	2	0	0.747862834137586	0.0394665469292567	0.0402244897587951	0.167428245217208	0.326477751928969	1	0	0.752137165862417	3	0	0.247862834137583	0.0394665469292556	0.0402244897587951	0.667428245217209	0.82647775192897	NA	NA	NA	NA	NA	NA	NA	NA	NA	NA
143	18	30427989	30619693	0.689620591504595	7.80810980741356e-05	-0.537813898650748	1.80480361875193	1	0	0.716740040921532	1	1	0.283259959078468	0.0822234477174629	0.0841196758754248	0.5366813873196	0.866024897519389	1	0	0.858370020460766	1	2	0.141629979539234	0.0411117238587314	0.0420598379377124	0.7683406936598	0.933012448759694	2	0	0.266667330914095	2	1	0.733332669085905	0.145310362352472	0.148661494035532	-0.0515434584157495	0.530492762809285	2	0	0.633333665457047	2	2	0.366666334542953	0.0726551811762359	0.0743307470177658	0.474228270792125	0.765246381404643	NA	NA	NA	NA	NA	NA	NA	NA	NA	NA	NA	NA	NA	NA	NA	NA	NA	NA	NA	NA
144	18	30621913	30949913	0.842890388356824	0.0169610298124881	-0.514987153756843	1.843262143733	1	0	0.675943479173149	2	0	0.324056520826851	0.163395143223841	0.165363936163209	0.302150902598742	0.949104274260905	0	0	0.337971739586575	2	0	0.662028260413425	0.0816975716119204	0.0826819680816043	0.151075451299371	0.474552137130452	1	0	0.837971739586576	3	0	0.162028260413424	0.0816975716119212	0.0826819680816041	0.651075451299373	0.974552137130455	2	0	0.874008270858732	2	1	0.125991729141268	0.0428119291473293	0.0425070308886128	0.78588691583291	0.954160702448044	2	0	0.937004135429366	2	2	0.0629958645706338	0.0214059645736647	0.0212535154443064	0.892943457916455	0.977080351224022	NA	NA	NA	NA	NA	NA	NA	NA	NA	NA
145	18	30950168	30989904	0.594324452369759	0.254411263456515	-0.544742272865854	1.79325055232329	1	1	1	NA	NA	NA	NA	NA	NA	NA	NA	NA	NA	NA	NA	NA	NA	NA	NA	NA	NA	NA	NA	NA	NA	NA	NA	NA	NA	NA	NA	NA	NA	NA	NA	NA	NA	NA	NA	NA	NA	NA	NA	NA	NA	NA	NA	NA	NA	NA	NA	NA	NA	NA	NA	NA	NA	NA	NA	NA
146	18	30991599	32009790	0.866521324911619	0.0207665130012375	-0.534971500243251	1.80955939250423	1	0	0.334129150345718	2	0	0.665870849654282	0.12606169610475	0.12938353616321	0.0560159356748649	0.568847161910866	0	0	0.167064575172859	2	0	0.832935424827141	0.0630308480523753	0.0646917680816051	0.0280079678374324	0.284423580955434	1	0	0.66706457517286	3	0	0.33293542482714	0.0630308480523751	0.064691768081605	0.528007967837434	0.784423580955436	2	0	0.948530849715555	2	1	0.0514691502844451	0.0226455571393906	0.0231574194880066	0.90017085842623	0.992017543901523	2	0	0.974265424857777	2	2	0.0257345751422227	0.0113227785696951	0.0115787097440033	0.950085429213115	0.996008771950761	NA	NA	NA	NA	NA	NA	NA	NA	NA	NA
147	18	32016209	32441840	0.750807009757777	0.00351342214354751	-0.485042039960767	1.89464530596085	1	0	0.870758540029746	1	1	0.129241459970254	0.0474311551119269	0.0466665693082867	0.76880214758251	0.953417023176192	1	0	0.935379270014873	1	2	0.064620729985127	0.0237155775559633	0.0233332846541433	0.884401073791255	0.976708511588096	2	0	0.538858348630872	2	1	0.461141651369128	0.083823270945699	0.0824720476236327	0.358674705863091	0.684937532500521	2	0	0.769429174315436	2	2	0.230570825684564	0.0419116354728494	0.0412360238118164	0.679337352931545	0.84246876625026	NA	NA	NA	NA	NA	NA	NA	NA	NA	NA	NA	NA	NA	NA	NA	NA	NA	NA	NA	NA
148	18	32459704	32922675	0.897946842295933	0.0358557151341141	-0.465696542216067	2.4636495505	2	0	0.634338598274372	3	0	0.365661401725628	0.19861056811852	0.195484154237203	0.23627319774152	0.996465333881505	1	0	0.317169299137186	3	0	0.682830700862814	0.0993052840592606	0.0977420771186015	0.11813659887076	0.498232666940752	2	0	0.817169299137186	4	0	0.182830700862814	0.0993052840592621	0.0977420771186017	0.618136598870758	0.99823266694075	3	0	0.927906359309701	3	1	0.0720936406902988	0.0278151486488613	0.0275814131368889	0.868718200116281	0.976418660404907	3	0	0.963953179654851	3	2	0.0360468203451494	0.0139075743244307	0.0137907065684444	0.93435910005814	0.988209330202453	NA	NA	NA	NA	NA	NA	NA	NA	NA	NA
149	18	32925285	32942748	0.615530649804246	0.296155938450802	-0.456109738484365	1.94531394715461	1	1	1	NA	NA	NA	NA	NA	NA	NA	NA	NA	NA	NA	NA	NA	NA	NA	NA	NA	NA	NA	NA	NA	NA	NA	NA	NA	NA	NA	NA	NA	NA	NA	NA	NA	NA	NA	NA	NA	NA	NA	NA	NA	NA	NA	NA	NA	NA	NA	NA	NA	NA	NA	NA	NA	NA	NA	NA	NA
150	18	32942821	35717578	0.872162580124877	0.00736475092612839	-0.426786185038617	1.99771517353612	1	0	0.233845568717775	2	0	0.766154431282225	0.079435550221362	0.0794808905122536	0.0652113333925798	0.384949957071695	0	0	0.116922784358887	2	0	0.883077215641113	0.0397177751106811	0.0397404452561268	0.0326056666962899	0.192474978535848	1	0	0.61692278435889	3	0	0.38307721564111	0.0397177751106809	0.0397404452561268	0.532605666696292	0.692474978535849	2	0	0.965724034904328	2	1	0.0342759650956715	0.0129447555741677	0.0128952719799776	0.938526546694134	0.990930194431659	2	0	0.982862017452164	2	2	0.0171379825478357	0.00647237778708365	0.0064476359899888	0.969263273347067	0.995465097215829	NA	NA	NA	NA	NA	NA	NA	NA	NA	NA
151	18	35720339	35726974	0.794827427094788	0.00751474786608635	-0.581025603521397	1.73364590825923	1	0	0.96689970653106	1	1	0.0331002934689404	0.298145163546708	7.16440612605477	-20.2899927228358	-0.0622212214878877	1	0	0.98344985326553	1	2	0.0165501467344702	0.149072581773354	3.58220306302739	-9.64499636141794	0.468889389256056	2	0	0.708764964433459	2	1	0.291235035566541	0.526900573392131	12.6613816267423	-36.8577300822441	-1.10996119101557	2	0	0.85438248221673	2	2	0.14561751778327	0.263450286696065	6.33069081337113	-17.928865041122	-0.0549805955077831	NA	NA	NA	NA	NA	NA	NA	NA	NA	NA	NA	NA	NA	NA	NA	NA	NA	NA	NA	NA
152	18	35727729	36082516	0.85415753652215	0.00600603085179559	-0.548468384877099	1.78706016414093	1	0	0.526783871892561	2	0	0.473216128107439	0.153003616695007	0.149819848349229	0.212011419678153	0.785732622720003	0	0	0.26339193594628	2	0	0.73660806405372	0.0765018083475032	0.0749099241746144	0.106005709839076	0.392866311360001	1	0	0.763391935946282	3	0	0.236608064053718	0.076501808347503	0.0749099241746143	0.606005709839078	0.892866311360003	2	0	0.910054697977579	2	1	0.0899453020224206	0.0336948460998116	0.032980031521015	0.842886810805069	0.968962639238565	2	0	0.95502734898879	2	2	0.0449726510112103	0.0168474230499058	0.0164452115138937	0.918923747279078	0.986815765897159	NA	NA	NA	NA	NA	NA	NA	NA	NA	NA
153	18	36082695	36089174	0.510598693848806	0.932433235288456	-0.622752572909506	1.66692656429194	1	1	1	NA	NA	NA	NA	NA	NA	NA	NA	NA	NA	NA	NA	NA	NA	NA	NA	NA	NA	NA	NA	NA	NA	NA	NA	NA	NA	NA	NA	NA	NA	NA	NA	NA	NA	NA	NA	NA	NA	NA	NA	NA	NA	NA	NA	NA	NA	NA	NA	NA	NA	NA	NA	NA	NA	NA	NA	NA
154	18	36089183	38533717	0.883919209159877	1	-0.546677792254976	2.09262050823023	2	0	1	NA	NA	NA	NA	NA	NA	NA	NA	NA	NA	NA	NA	NA	NA	NA	NA	NA	NA	NA	NA	NA	NA	NA	NA	NA	NA	NA	NA	NA	NA	NA	NA	NA	NA	NA	NA	NA	NA	NA	NA	NA	NA	NA	NA	NA	NA	NA	NA	NA	NA	NA	NA	NA	NA	NA	NA	NA
155	18	38537704	38542086	0.745166529592825	0.0339772770946796	-0.477496802646569	1.90776136380161	1	0	0.857618677752846	1	1	0.142381322247154	0.436719912259315	5.972739611847	-18.9338185480598	0.463592258409958	1	0	0.928809338876423	1	2	0.071190661123577	0.218359956129658	2.9863698059235	-8.96690927402991	0.731796129204979	2	0	0.515636771310508	2	1	0.484363228689492	0.771798440208959	10.5553948578846	-34.4610152007795	-0.18071108761054	2	0	0.757818385655254	2	2	0.242181614344746	0.38589922010448	5.27769742894229	-16.7305076003898	0.40964445619473	NA	NA	NA	NA	NA	NA	NA	NA	NA	NA	NA	NA	NA	NA	NA	NA	NA	NA	NA	NA
156	18	38543898	42607450	0.879893270021682	1	-0.520453030847176	2.00214108670795	2	0	1	NA	NA	NA	NA	NA	NA	NA	NA	NA	NA	NA	NA	NA	NA	NA	NA	NA	NA	NA	NA	NA	NA	NA	NA	NA	NA	NA	NA	NA	NA	NA	NA	NA	NA	NA	NA	NA	NA	NA	NA	NA	NA	NA	NA	NA	NA	NA	NA	NA	NA	NA	NA	NA	NA	NA	NA	NA
157	18	42619188	42640798	0.619900367358985	0.354050565106039	-0.499073738883329	1.87043533652561	1	1	1	NA	NA	NA	NA	NA	NA	NA	NA	NA	NA	NA	NA	NA	NA	NA	NA	NA	NA	NA	NA	NA	NA	NA	NA	NA	NA	NA	NA	NA	NA	NA	NA	NA	NA	NA	NA	NA	NA	NA	NA	NA	NA	NA	NA	NA	NA	NA	NA	NA	NA	NA	NA	NA	NA	NA	NA	NA
158	18	42641517	42681461	0.8090979826506	1	-0.497631985323985	1.87291206471178	1	0	1	NA	NA	NA	NA	NA	NA	NA	NA	NA	NA	NA	NA	NA	NA	NA	NA	NA	NA	NA	NA	NA	NA	NA	NA	NA	NA	NA	NA	NA	NA	NA	NA	NA	NA	NA	NA	NA	NA	NA	NA	NA	NA	NA	NA	NA	NA	NA	NA	NA	NA	NA	NA	NA	NA	NA	NA	NA
159	18	42684258	42701029	0.61301591249503	0.376839964331997	-0.573977390242865	1.74510738697759	1	1	1	NA	NA	NA	NA	NA	NA	NA	NA	NA	NA	NA	NA	NA	NA	NA	NA	NA	NA	NA	NA	NA	NA	NA	NA	NA	NA	NA	NA	NA	NA	NA	NA	NA	NA	NA	NA	NA	NA	NA	NA	NA	NA	NA	NA	NA	NA	NA	NA	NA	NA	NA	NA	NA	NA	NA	NA	NA
160	18	42706399	45287136	0.882480527160612	1	-0.375332131534205	2.09227751795588	2	0	1	NA	NA	NA	NA	NA	NA	NA	NA	NA	NA	NA	NA	NA	NA	NA	NA	NA	NA	NA	NA	NA	NA	NA	NA	NA	NA	NA	NA	NA	NA	NA	NA	NA	NA	NA	NA	NA	NA	NA	NA	NA	NA	NA	NA	NA	NA	NA	NA	NA	NA	NA	NA	NA	NA	NA	NA	NA
161	18	45287638	45291600	0.674788668741322	0.063890706327001	-0.331522560296187	2.17549219132342	2	1	1	NA	NA	NA	NA	NA	NA	NA	NA	NA	NA	NA	NA	NA	NA	NA	NA	NA	NA	NA	NA	NA	NA	NA	NA	NA	NA	NA	NA	NA	NA	NA	NA	NA	NA	NA	NA	NA	NA	NA	NA	NA	NA	NA	NA	NA	NA	NA	NA	NA	NA	NA	NA	NA	NA	NA	NA	NA
162	18	45291877	46030614	0.882892876370541	1	-0.404007354044296	2.03916240362356	2	0	1	NA	NA	NA	NA	NA	NA	NA	NA	NA	NA	NA	NA	NA	NA	NA	NA	NA	NA	NA	NA	NA	NA	NA	NA	NA	NA	NA	NA	NA	NA	NA	NA	NA	NA	NA	NA	NA	NA	NA	NA	NA	NA	NA	NA	NA	NA	NA	NA	NA	NA	NA	NA	NA	NA	NA	NA	NA
163	18	46032557	46100402	0.657524096633623	0.763425172202541	-0.414628577955845	2.01975510823909	2	1	1	NA	NA	NA	NA	NA	NA	NA	NA	NA	NA	NA	NA	NA	NA	NA	NA	NA	NA	NA	NA	NA	NA	NA	NA	NA	NA	NA	NA	NA	NA	NA	NA	NA	NA	NA	NA	NA	NA	NA	NA	NA	NA	NA	NA	NA	NA	NA	NA	NA	NA	NA	NA	NA	NA	NA	NA	NA
164	18	46100764	48225350	0.892095236652683	1	-0.38476006828605	2.29714799401335	2	0	1	NA	NA	NA	NA	NA	NA	NA	NA	NA	NA	NA	NA	NA	NA	NA	NA	NA	NA	NA	NA	NA	NA	NA	NA	NA	NA	NA	NA	NA	NA	NA	NA	NA	NA	NA	NA	NA	NA	NA	NA	NA	NA	NA	NA	NA	NA	NA	NA	NA	NA	NA	NA	NA	NA	NA	NA	NA
165	18	48225431	48230267	0.605733951987531	0.151049699490552	-0.382481686816451	2.0789354366163	2	1	1	NA	NA	NA	NA	NA	NA	NA	NA	NA	NA	NA	NA	NA	NA	NA	NA	NA	NA	NA	NA	NA	NA	NA	NA	NA	NA	NA	NA	NA	NA	NA	NA	NA	NA	NA	NA	NA	NA	NA	NA	NA	NA	NA	NA	NA	NA	NA	NA	NA	NA	NA	NA	NA	NA	NA	NA	NA
166	18	48231028	48692438	0.837790795535605	0.000867458828154126	-0.265418119301238	2.30593692753707	2	0	0.857374676254217	2	1	0.142625323745783	0.0447427836894215	0.044963934214517	0.756192193234583	0.93167289192047	2	0	0.928687338127109	2	2	0.0713126618728914	0.0223713918447109	0.0224819671072585	0.878096096617292	0.965836445960235	3	0	0.663759270918218	3	1	0.336240729081782	0.0641679928035548	0.0644851564695735	0.51864811987053	0.770314272084053	3	0	0.831879635459109	3	2	0.168120364540891	0.0320839964017774	0.0322425782347868	0.759324059935265	0.885157136042027	NA	NA	NA	NA	NA	NA	NA	NA	NA	NA	NA	NA	NA	NA	NA	NA	NA	NA	NA	NA
167	18	48709104	48807469	0.505004900039467	1	-0.296896531196974	2.24307450745566	1	1	1	NA	NA	NA	NA	NA	NA	NA	NA	NA	NA	NA	NA	NA	NA	NA	NA	NA	NA	NA	NA	NA	NA	NA	NA	NA	NA	NA	NA	NA	NA	NA	NA	NA	NA	NA	NA	NA	NA	NA	NA	NA	NA	NA	NA	NA	NA	NA	NA	NA	NA	NA	NA	NA	NA	NA	NA	NA
168	18	48807730	49585753	0.842782630171101	0.000552217179945091	-0.481610740021986	1.90060150908436	1	0	0.677266817715819	2	0	0.322733182284181	0.11201390334262	0.113474570018561	0.434955903999657	0.875437512945054	0	0	0.338633408857909	2	0	0.661366591142091	0.0560069516713098	0.0567372850092803	0.217477951999828	0.437718756472527	1	0	0.838633408857911	3	0	0.161366591142089	0.0560069516713094	0.0567372850092802	0.717477951999829	0.937718756472528	2	0	0.873658872475751	2	1	0.126341127524249	0.0295032124021782	0.0297587781002665	0.813484486901812	0.928999815065984	2	0	0.936829436237875	2	2	0.0631705637621247	0.0147516062010893	0.0148793890501333	0.906742243450906	0.964499907532992	NA	NA	NA	NA	NA	NA	NA	NA	NA	NA
169	18	49606264	49622396	0.739114220036754	0.0917068201007221	-0.526830486785993	1.82323253630448	1	0	1	NA	NA	NA	NA	NA	NA	NA	NA	NA	NA	NA	NA	NA	NA	NA	NA	NA	NA	NA	NA	NA	NA	NA	NA	NA	NA	NA	NA	NA	NA	NA	NA	NA	NA	NA	NA	NA	NA	NA	NA	NA	NA	NA	NA	NA	NA	NA	NA	NA	NA	NA	NA	NA	NA	NA	NA	NA
170	18	49623878	54873097	0.893212014098473	1	-0.494408812042351	2.32751583619089	2	0	1	NA	NA	NA	NA	NA	NA	NA	NA	NA	NA	NA	NA	NA	NA	NA	NA	NA	NA	NA	NA	NA	NA	NA	NA	NA	NA	NA	NA	NA	NA	NA	NA	NA	NA	NA	NA	NA	NA	NA	NA	NA	NA	NA	NA	NA	NA	NA	NA	NA	NA	NA	NA	NA	NA	NA	NA	NA
171	18	54873484	54879438	0.645052703469749	1	-0.40547517821832	2.03647185249535	2	1	1	NA	NA	NA	NA	NA	NA	NA	NA	NA	NA	NA	NA	NA	NA	NA	NA	NA	NA	NA	NA	NA	NA	NA	NA	NA	NA	NA	NA	NA	NA	NA	NA	NA	NA	NA	NA	NA	NA	NA	NA	NA	NA	NA	NA	NA	NA	NA	NA	NA	NA	NA	NA	NA	NA	NA	NA	NA
172	18	54880010	57369893	0.872978383877044	0.00716566818013451	-0.324352893005963	2.18935294396894	2	0	0.968192017294562	2	1	0.0318079827054378	0.0119621350896804	0.0120292252045293	0.942696265559716	0.990634675213329	2	0	0.984096008647281	2	2	0.0159039913527189	0.00598106754484012	0.00601461260226467	0.971348132779858	0.995317337606664	3	0	0.822688281498916	3	1	0.177311718501084	0.0171555306812802	0.0172517481637843	0.786123475312535	0.854874484347186	3	0	0.911344140749458	3	2	0.0886558592505422	0.00857776534064014	0.00862587408189215	0.893061737656268	0.927437242173593	NA	NA	NA	NA	NA	NA	NA	NA	NA	NA	NA	NA	NA	NA	NA	NA	NA	NA	NA	NA
173	18	57370181	57375903	0.666966172955914	0.102668067156466	-0.134528225918826	2.58254419423691	2	1	1	NA	NA	NA	NA	NA	NA	NA	NA	NA	NA	NA	NA	NA	NA	NA	NA	NA	NA	NA	NA	NA	NA	NA	NA	NA	NA	NA	NA	NA	NA	NA	NA	NA	NA	NA	NA	NA	NA	NA	NA	NA	NA	NA	NA	NA	NA	NA	NA	NA	NA	NA	NA	NA	NA	NA	NA	NA
174	18	57378528	59277152	0.898445502740563	3.34437868898369e-06	-0.453746008973388	2.47872567182027	2	0	0.619743625649179	3	0	0.380256374350821	0.0934138996766926	0.0908937930302063	0.428341544038087	0.781202051374512	1	0	0.309871812824589	3	0	0.690128187175411	0.0467069498383455	0.0454468965151032	0.214170772019043	0.390601025687256	2	0	0.809871812824589	4	0	0.190128187175411	0.0467069498383441	0.0454468965151033	0.714170772019043	0.890601025687256	3	0	0.929948169209416	3	1	0.0700518307905842	0.0129848336312458	0.0126332989273794	0.905945460787878	0.954441458250398	3	0	0.964974084604708	3	2	0.0350259153952921	0.00649241681562285	0.00631664946368969	0.952972730393939	0.977220729125199	NA	NA	NA	NA	NA	NA	NA	NA	NA	NA
175	18	59277215	59308727	0.657140619833997	0.730929477185796	-0.424366346702789	2.00208718848603	2	1	1	NA	NA	NA	NA	NA	NA	NA	NA	NA	NA	NA	NA	NA	NA	NA	NA	NA	NA	NA	NA	NA	NA	NA	NA	NA	NA	NA	NA	NA	NA	NA	NA	NA	NA	NA	NA	NA	NA	NA	NA	NA	NA	NA	NA	NA	NA	NA	NA	NA	NA	NA	NA	NA	NA	NA	NA	NA
176	18	59308796	59820762	0.871749595248939	0.147153461444723	-0.442379905491368	1.96971660793723	2	0	1	NA	NA	NA	NA	NA	NA	NA	NA	NA	NA	NA	NA	NA	NA	NA	NA	NA	NA	NA	NA	NA	NA	NA	NA	NA	NA	NA	NA	NA	NA	NA	NA	NA	NA	NA	NA	NA	NA	NA	NA	NA	NA	NA	NA	NA	NA	NA	NA	NA	NA	NA	NA	NA	NA	NA	NA	NA
177	18	59821338	59832217	0.535815907046587	0.758213053663699	-0.428440235131709	1.99473095423255	1	1	1	NA	NA	NA	NA	NA	NA	NA	NA	NA	NA	NA	NA	NA	NA	NA	NA	NA	NA	NA	NA	NA	NA	NA	NA	NA	NA	NA	NA	NA	NA	NA	NA	NA	NA	NA	NA	NA	NA	NA	NA	NA	NA	NA	NA	NA	NA	NA	NA	NA	NA	NA	NA	NA	NA	NA	NA	NA
178	18	59833528	73609352	0.899808151681542	5.52434756319967e-58	-0.492704193909414	2.52068830623354	2	0	0.579120212801023	3	0	0.420879787198977	0.0301296231958023	0.0303705964788839	0.521938844904819	0.641533255891293	1	0	0.289560106400511	3	0	0.710439893599488	0.0150648115979012	0.015185298239442	0.260969422452411	0.320766627945646	2	0	0.789560106400511	4	0	0.210439893599489	0.0150648115979012	0.0147967966851772	0.761200359101865	0.819131845440073	3	0	0.935516115951294	3	1	0.0644838840487062	0.00406766274505499	0.00400021788188027	0.927186824678397	0.943015928981962	3	0	0.967758057975647	3	2	0.0322419420243532	0.00203383137252749	0.00204752443579362	0.96364256044486	0.971605430744073	NA	NA	NA	NA	NA	NA	NA	NA	NA	NA
179	18	73612793	73617669	0.789910335457535	0.00212671439031563	-0.542764800696634	1.7965423318923	1	0	0.956692331864116	1	1	0.0433076681358838	0.249531129247533	4.41376643803745	-13.1446275291944	-0.305893547378458	1	0	0.978346165932058	1	2	0.0216538340679419	0.124765564623766	2.20688321901873	-6.07231376459721	0.347053226310771	2	0	0.690725860592695	2	1	0.309274139407305	0.440986845185276	7.80028104214591	-24.2299987689504	-1.54059399653958	2	0	0.845362930296348	2	2	0.154637069703652	0.220493422592638	3.90014052107295	-11.6149993844752	-0.270296998269792	NA	NA	NA	NA	NA	NA	NA	NA	NA	NA	NA	NA	NA	NA	NA	NA	NA	NA	NA	NA
180	18	73620170	78009358	0.903153879633365	1.35380446690531e-15	-0.413114053674073	2.62872874018553	2	0	0.474527848329763	3	0	0.525472151670237	0.0513966260700418	0.0525418699771718	0.363618767310309	0.571207674797961	1	0	0.237263924164881	3	0	0.762736075835118	0.0256983130350209	0.0253504775368238	0.18521024921194	0.286648129826436	2	0	0.737263924164881	4	0	0.262736075835119	0.0256983130350198	0.0253504775368239	0.68521024921194	0.786648129826433	3	0	0.949115890267425	3	1	0.0508841097325745	0.00643411458599569	0.00634775818416967	0.936173661502901	0.961458738637662	3	0	0.974557945133713	3	2	0.0254420548662873	0.00321705729299782	0.00317387909208484	0.968086830751451	0.980729369318831	NA	NA	NA	NA	NA	NA	NA	NA	NA	NA
181	19	108032	16654444	0.504298622999547	1	0.87983252441224	5.83556910577892	3	3	1	NA	NA	NA	NA	NA	NA	NA	NA	NA	NA	NA	NA	NA	NA	NA	NA	NA	NA	NA	NA	NA	NA	NA	NA	NA	NA	NA	NA	NA	NA	NA	NA	NA	NA	NA	NA	NA	NA	NA	NA	NA	NA	NA	NA	NA	NA	NA	NA	NA	NA	NA	NA	NA	NA	NA	NA	NA
182	19	16658294	42519280	0.643071982766512	1	0.333230834746142	3.80388530990048	2	1	1	NA	NA	NA	NA	NA	NA	NA	NA	NA	NA	NA	NA	NA	NA	NA	NA	NA	NA	NA	NA	NA	NA	NA	NA	NA	NA	NA	NA	NA	NA	NA	NA	NA	NA	NA	NA	NA	NA	NA	NA	NA	NA	NA	NA	NA	NA	NA	NA	NA	NA	NA	NA	NA	NA	NA	NA	NA
183	19	42530608	59097308	0.502653320188149	1	-0.110716388388432	2.63561935323546	1	1	1	NA	NA	NA	NA	NA	NA	NA	NA	NA	NA	NA	NA	NA	NA	NA	NA	NA	NA	NA	NA	NA	NA	NA	NA	NA	NA	NA	NA	NA	NA	NA	NA	NA	NA	NA	NA	NA	NA	NA	NA	NA	NA	NA	NA	NA	NA	NA	NA	NA	NA	NA	NA	NA	NA	NA	NA	NA
184	20	20000035	35141381	0.910841168766752	1	-0.308606800717814	2.9076855276361	3	0	1	NA	NA	NA	NA	NA	NA	NA	NA	NA	NA	NA	NA	NA	NA	NA	NA	NA	NA	NA	NA	NA	NA	NA	NA	NA	NA	NA	NA	NA	NA	NA	NA	NA	NA	NA	NA	NA	NA	NA	NA	NA	NA	NA	NA	NA	NA	NA	NA	NA	NA	NA	NA	NA	NA	NA	NA	NA
185	20	35141807	35169773	0.506514538765815	1	-0.0642986568909474	2.74163420520174	1	1	1	NA	NA	NA	NA	NA	NA	NA	NA	NA	NA	NA	NA	NA	NA	NA	NA	NA	NA	NA	NA	NA	NA	NA	NA	NA	NA	NA	NA	NA	NA	NA	NA	NA	NA	NA	NA	NA	NA	NA	NA	NA	NA	NA	NA	NA	NA	NA	NA	NA	NA	NA	NA	NA	NA	NA	NA	NA
186	20	35170618	37033736	0.852324168514643	3.4468580845927e-06	-0.210396362570437	2.41916393076327	2	0	0.904254214879795	2	1	0.0957457851202049	0.0212792306671944	0.0212586112451395	0.860491923389045	0.942335569000586	2	0	0.952127107439897	2	2	0.0478728925601025	0.0106396153335969	0.0106293056225697	0.930245961694522	0.971167784500293	3	0	0.730991697001516	3	1	0.269008302998484	0.0305176702861366	0.0304880988822828	0.668229879924198	0.78560618129768	3	0	0.865495848500758	3	2	0.134504151499242	0.0152588351430683	0.0152440494411414	0.834114939962099	0.89280309064884	NA	NA	NA	NA	NA	NA	NA	NA	NA	NA	NA	NA	NA	NA	NA	NA	NA	NA	NA	NA
187	20	37033957	37061908	0.549022357275908	0.617346930339045	-0.140754725726406	2.56880957704327	1	1	1	NA	NA	NA	NA	NA	NA	NA	NA	NA	NA	NA	NA	NA	NA	NA	NA	NA	NA	NA	NA	NA	NA	NA	NA	NA	NA	NA	NA	NA	NA	NA	NA	NA	NA	NA	NA	NA	NA	NA	NA	NA	NA	NA	NA	NA	NA	NA	NA	NA	NA	NA	NA	NA	NA	NA	NA	NA
188	20	37062583	37339645	0.881134694984157	1	-0.329411085884971	2.17956704380785	2	0	1	NA	NA	NA	NA	NA	NA	NA	NA	NA	NA	NA	NA	NA	NA	NA	NA	NA	NA	NA	NA	NA	NA	NA	NA	NA	NA	NA	NA	NA	NA	NA	NA	NA	NA	NA	NA	NA	NA	NA	NA	NA	NA	NA	NA	NA	NA	NA	NA	NA	NA	NA	NA	NA	NA	NA	NA	NA
189	20	37339909	37358496	0.551193171244449	0.643308600994457	-0.273265259185254	2.29013760524163	1	1	1	NA	NA	NA	NA	NA	NA	NA	NA	NA	NA	NA	NA	NA	NA	NA	NA	NA	NA	NA	NA	NA	NA	NA	NA	NA	NA	NA	NA	NA	NA	NA	NA	NA	NA	NA	NA	NA	NA	NA	NA	NA	NA	NA	NA	NA	NA	NA	NA	NA	NA	NA	NA	NA	NA	NA	NA	NA
190	20	37359799	39142109	0.892985363247179	1	-0.436376892098782	2.32130139491015	2	0	1	NA	NA	NA	NA	NA	NA	NA	NA	NA	NA	NA	NA	NA	NA	NA	NA	NA	NA	NA	NA	NA	NA	NA	NA	NA	NA	NA	NA	NA	NA	NA	NA	NA	NA	NA	NA	NA	NA	NA	NA	NA	NA	NA	NA	NA	NA	NA	NA	NA	NA	NA	NA	NA	NA	NA	NA	NA
191	20	39146936	39151594	0.767855721648448	0.0280405104678575	-0.519213629045052	1.83609539436209	1	0	0.909301052658484	1	1	0.0906989473415156	0.399836628736506	8.66935304720082	-24.9337662460407	0.348087085988351	1	0	0.954650526329242	1	2	0.0453494736707579	0.199918314368253	4.33467652360041	-11.9668831230203	0.674043542994175	2	0	0.606973060814939	2	1	0.393026939185061	0.706616020324735	15.3210169072332	-45.0644938713087	-0.384838972345345	2	0	0.803486530407469	2	2	0.196513469592531	0.353308010162367	7.66050845361662	-22.0322469356543	0.307580513827327	NA	NA	NA	NA	NA	NA	NA	NA	NA	NA	NA	NA	NA	NA	NA	NA	NA	NA	NA	NA
192	20	39154095	45088195	0.892922967294392	1	-0.342683531465952	2.31959520557554	2	0	1	NA	NA	NA	NA	NA	NA	NA	NA	NA	NA	NA	NA	NA	NA	NA	NA	NA	NA	NA	NA	NA	NA	NA	NA	NA	NA	NA	NA	NA	NA	NA	NA	NA	NA	NA	NA	NA	NA	NA	NA	NA	NA	NA	NA	NA	NA	NA	NA	NA	NA	NA	NA	NA	NA	NA	NA	NA
193	20	45090165	45095154	0.579505277000862	0.654728939472396	-0.433195923623426	1.98616982825255	1	1	1	NA	NA	NA	NA	NA	NA	NA	NA	NA	NA	NA	NA	NA	NA	NA	NA	NA	NA	NA	NA	NA	NA	NA	NA	NA	NA	NA	NA	NA	NA	NA	NA	NA	NA	NA	NA	NA	NA	NA	NA	NA	NA	NA	NA	NA	NA	NA	NA	NA	NA	NA	NA	NA	NA	NA	NA	NA
194	20	45095269	47191172	0.865054732245355	7.46875348837294e-05	-0.292942514599451	2.25089556457073	2	0	0.944024302087744	2	1	0.0559756979122563	0.0144037647720225	0.0145284769105125	0.914188568305022	0.971579842894976	2	0	0.972012151043872	2	2	0.0279878489561282	0.00720188238601127	0.00726423845525623	0.957094284152511	0.985789921447488	3	0	0.788028082745207	3	1	0.211971917254793	0.0206572009611855	0.020836057235768	0.745239078736253	0.827546941394912	3	0	0.894014041372604	3	2	0.105985958627396	0.0103286004805927	0.010418028617884	0.872619539368126	0.913773470697456	NA	NA	NA	NA	NA	NA	NA	NA	NA	NA	NA	NA	NA	NA	NA	NA	NA	NA	NA	NA
195	20	47191233	47191984	0.601271672331495	0.643201015014739	-0.463390248239833	1.9324678806311	1	1	1	NA	NA	NA	NA	NA	NA	NA	NA	NA	NA	NA	NA	NA	NA	NA	NA	NA	NA	NA	NA	NA	NA	NA	NA	NA	NA	NA	NA	NA	NA	NA	NA	NA	NA	NA	NA	NA	NA	NA	NA	NA	NA	NA	NA	NA	NA	NA	NA	NA	NA	NA	NA	NA	NA	NA	NA	NA
196	20	47192338	49114067	0.895882186928784	0.000364768117462818	-0.19647839640943	2.44849603118167	2	0	0.693279945374866	3	0	0.306720054625134	0.0960812649601422	0.0923925618477683	0.511908918277542	0.879076343375722	1	0	0.346639972687433	3	0	0.653360027312567	0.0480406324800703	0.0461962809238842	0.255954459138772	0.439538171687863	2	0	0.846639972687433	4	0	0.153360027312567	0.0480406324800716	0.0461962809238843	0.755954459138769	0.939538171687861	3	0	0.919428254281943	3	1	0.0805717457180574	0.0141172643938267	0.0136298608203475	0.889956458430926	0.944061657428061	3	0	0.959714127140971	3	2	0.0402858728590286	0.00705863219691333	0.00681493041017376	0.944978229215463	0.97203082871403	NA	NA	NA	NA	NA	NA	NA	NA	NA	NA
197	20	49115737	49590315	0.82652530642619	0.000299559346200087	-0.125133655878898	2.60337955979334	2	0	0.819901922444541	2	1	0.180098077555459	0.0526162331729612	0.0551800320260657	0.707983013732437	0.91990473184659	2	0	0.909950961222271	2	2	0.0900490387777293	0.0263081165864807	0.0275900160130328	0.853991506866218	0.959952365923295	3	0	0.61001761252075	3	1	0.38998238747925	0.0754597231819295	0.0759143705297971	0.452659049647964	0.747785025463021	3	0	0.805008806260375	3	2	0.194991193739625	0.0377298615909647	0.0379571852648985	0.726329524823982	0.87389251273151	NA	NA	NA	NA	NA	NA	NA	NA	NA	NA	NA	NA	NA	NA	NA	NA	NA	NA	NA	NA
198	20	49590802	49594012	0.630041587338989	1	-0.156647410407208	2.53402053764279	2	1	1	NA	NA	NA	NA	NA	NA	NA	NA	NA	NA	NA	NA	NA	NA	NA	NA	NA	NA	NA	NA	NA	NA	NA	NA	NA	NA	NA	NA	NA	NA	NA	NA	NA	NA	NA	NA	NA	NA	NA	NA	NA	NA	NA	NA	NA	NA	NA	NA	NA	NA	NA	NA	NA	NA	NA	NA	NA
199	20	49594418	50625562	0.893203141872078	1	-0.186237975076628	2.47025912527606	2	0	1	NA	NA	NA	NA	NA	NA	NA	NA	NA	NA	NA	NA	NA	NA	NA	NA	NA	NA	NA	NA	NA	NA	NA	NA	NA	NA	NA	NA	NA	NA	NA	NA	NA	NA	NA	NA	NA	NA	NA	NA	NA	NA	NA	NA	NA	NA	NA	NA	NA	NA	NA	NA	NA	NA	NA	NA	NA
200	20	50626871	50633201	0.645202184727774	1	0.00361440436066973	2.90302024743174	2	1	1	NA	NA	NA	NA	NA	NA	NA	NA	NA	NA	NA	NA	NA	NA	NA	NA	NA	NA	NA	NA	NA	NA	NA	NA	NA	NA	NA	NA	NA	NA	NA	NA	NA	NA	NA	NA	NA	NA	NA	NA	NA	NA	NA	NA	NA	NA	NA	NA	NA	NA	NA	NA	NA	NA	NA	NA	NA
201	20	50635427	54536390	0.868809833457893	5.92573613986534e-06	-0.383473513839356	2.07708976405372	2	0	0.955532587678681	2	1	0.0444674123213189	0.00997063481713972	0.00984818054624093	0.934944196039552	0.974163220704157	2	0	0.977766293839341	2	2	0.0222337061606594	0.00498531740856989	0.00492409027312046	0.967472098019776	0.987081610352078	3	0	0.804532723853514	3	1	0.195467276146486	0.0142994147980193	0.0141237966507815	0.775005822360152	0.831251900161426	3	0	0.902266361926757	3	2	0.097733638073243	0.00714970739900961	0.0071022990811684	0.888662045221215	0.916413705463786	NA	NA	NA	NA	NA	NA	NA	NA	NA	NA	NA	NA	NA	NA	NA	NA	NA	NA	NA	NA
202	20	54545297	54545987	0.938998645566244	1	-0.552137769217899	4.52986985670342	4	0	1	NA	NA	NA	NA	NA	NA	NA	NA	NA	NA	NA	NA	NA	NA	NA	NA	NA	NA	NA	NA	NA	NA	NA	NA	NA	NA	NA	NA	NA	NA	NA	NA	NA	NA	NA	NA	NA	NA	NA	NA	NA	NA	NA	NA	NA	NA	NA	NA	NA	NA	NA	NA	NA	NA	NA	NA	NA
203	20	54549775	54686142	0.739327445433728	0.00105549866332448	-0.421281389238438	2.00767154391483	2	0	0.491224293336934	2	1	0.508775706663066	0.126799950996002	0.132984365748184	0.193423512752081	0.720884092742109	2	0	0.745612146668467	2	2	0.254387853331533	0.0633999754980011	0.0664921828740922	0.596711756376041	0.860442046371055	1	0	0.843804947790182	1	1	0.156195052209818	0.0717493850576671	0.0752488182350872	0.675295238529095	0.973757280187441	1	0	0.921902473895091	1	2	0.0780975261049088	0.0358746925288336	0.0376244091175436	0.837647619264547	0.98687864009372	NA	NA	NA	NA	NA	NA	NA	NA	NA	NA	NA	NA	NA	NA	NA	NA	NA	NA	NA	NA
204	20	54686477	55551867	0.899201307851904	0.000296807572273208	-0.22406094729473	2.50186048933655	2	0	0.597347147061235	3	0	0.402652852938765	0.128234039451133	0.129238265438714	0.318307518919282	0.839732039299318	1	0	0.298673573530618	3	0	0.701326426469382	0.0641170197255663	0.0646191327193569	0.159153759459642	0.419866019649659	2	0	0.798673573530615	4	0	0.201326426469385	0.0641170197255649	0.064619132719357	0.659153759459639	0.919866019649659	3	0	0.933038563604841	3	1	0.0669614363951588	0.0175166663313202	0.0176421457854579	0.896420145696476	0.966895266055968	3	0	0.966519281802421	3	2	0.0334807181975795	0.00875833316566005	0.00882107289272894	0.948210072848238	0.983447633027984	NA	NA	NA	NA	NA	NA	NA	NA	NA	NA
205	20	55552179	55554123	0.767745200367547	0.0070459035814279	-0.245566110663779	2.34629250329202	2	0	0.606541237116754	2	1	0.393458762883246	0.601376368462199	10.8732929335312	-35.4980715875975	-0.713239101221675	2	0	0.803270618558378	2	2	0.196729381441622	0.300688184231099	5.43664646676557	-17.2490357937987	0.143380449389163	1	0	0.909056706469431	1	1	0.0909432935305686	0.340287076504755	6.15262131731687	-19.5206339012192	0.162262824112428	1	0	0.954528353234716	1	2	0.0454716467652844	0.170143538252378	3.07631065865844	-9.2603169506096	0.581131412056214	NA	NA	NA	NA	NA	NA	NA	NA	NA	NA	NA	NA	NA	NA	NA	NA	NA	NA	NA	NA
206	20	55554682	57775205	0.872259104812158	0.00645409060350403	-0.398903708951184	2.04853882231061	2	0	0.966016283706695	2	1	0.0339837162933047	0.012626304133126	0.0130822700843427	0.938740350665077	0.989816609793263	2	0	0.983008141853348	2	2	0.0169918581466523	0.00631315206656324	0.00654113504217135	0.969370175332539	0.994908304896632	3	0	0.819567946872938	3	1	0.180432053127062	0.0181080506383757	0.018761975527793	0.780450088510035	0.853701253455876	3	0	0.909783973436469	3	2	0.090216026563531	0.00905402531918786	0.00938098776389648	0.890225044255018	0.926850626727938	NA	NA	NA	NA	NA	NA	NA	NA	NA	NA	NA	NA	NA	NA	NA	NA	NA	NA	NA	NA
207	20	57778311	57794253	0.786911383365198	0.00485075063973628	-0.416722659307308	2.01594559739705	2	0	0.679613068184832	2	1	0.320386931815168	0.535622635473634	10.9035563425177	-33.2209685673701	-1.06170050782389	2	0	0.839806534092416	2	2	0.160193465907584	0.267811317736817	5.45177817125885	-16.110484283685	-0.0308502539119451	1	0	0.95040419046284	1	1	0.0495958095371598	0.303080517116382	6.1697457796489	-18.2321417517276	-0.0349130536671066	1	0	0.97520209523142	1	2	0.0247979047685799	0.151540258558191	3.08487288982445	-8.61607087586379	0.482543473166447	NA	NA	NA	NA	NA	NA	NA	NA	NA	NA	NA	NA	NA	NA	NA	NA	NA	NA	NA	NA
208	20	57797128	58692731	0.8529310322241	0.000488953798333127	-0.455152272824849	1.9470081720966	1	0	0.5441294193328	2	0	0.4558705806672	0.123278856096681	0.122043164380242	0.261582793258262	0.739901594451528	0	0	0.2720647096664	2	0	0.7279352903336	0.061639428048341	0.0610215821901212	0.130791396629131	0.369950797225765	1	0	0.772064709666403	3	0	0.227935290333597	0.0616394280483416	0.0610215821901211	0.630791396629133	0.869950797225766	2	0	0.906176995543118	2	1	0.0938230044568823	0.0277356735897041	0.0268624459215724	0.85559223160562	0.960886037336136	2	0	0.953088497771559	2	2	0.046911502228441	0.0138678367948519	0.0134312229607862	0.92779611580281	0.980443018668068	NA	NA	NA	NA	NA	NA	NA	NA	NA	NA
209	20	58694092	58721466	0.701519653627201	3.98190799264047e-05	-0.518143274575532	1.83790838817071	1	0	0.748796759437157	1	1	0.251203240562843	0.24089700470013	1.69004303260142	-6.38909608526179	-0.0652342392369808	1	0	0.874398379718579	1	2	0.125601620281421	0.120448502350065	0.84502151630071	-2.69454804263089	0.467382880381509	2	0	0.323319946593056	2	1	0.676680053406944	0.42572808626178	2.98674857690777	-12.2912057694824	-1.11528598233786	2	0	0.661659973296528	2	2	0.338340026703472	0.21286404313089	1.49337428845388	-5.64560288474119	-0.057642991168931	NA	NA	NA	NA	NA	NA	NA	NA	NA	NA	NA	NA	NA	NA	NA	NA	NA	NA	NA	NA
210	20	58721724	59672383	0.860263256023382	0.00104424232682176	-0.474137556647992	1.91362292251209	1	0	0.435904313038338	2	0	0.564095686961662	0.110638028505587	0.109337103040614	0.197640366473324	0.640329561725121	0	0	0.217952156519169	2	0	0.782047843480831	0.0553190142527936	0.0563557124012664	0.0977185155697617	0.32586220944912	1	0	0.717952156519172	3	0	0.282047843480828	0.0553190142527927	0.0563557124012664	0.597718515569763	0.82586220944912	2	0	0.929193942711316	2	1	0.0708060572886839	0.0221106790620041	0.022633491391445	0.880261897359425	0.971445099106293	2	0	0.964596971355658	2	2	0.0354030286443423	0.011055339531002	0.0113167456957225	0.940130948679713	0.985722549553147	NA	NA	NA	NA	NA	NA	NA	NA	NA	NA
211	20	59673132	59680602	0.743727779264009	0.000776120676603146	-0.539845450623129	1.80141025407573	1	0	0.854235113031143	1	1	0.145764886968857	0.269493285281443	3.09110882169267	-13.0658509758749	-0.0473543812152061	1	0	0.927117556515572	1	2	0.0728824434844283	0.134746642640722	1.54555441084634	-6.03292548793745	0.476322809392397	2	0	0.50965712645977	2	1	0.49034287354023	0.476265201994049	5.46279869575073	-24.0907799715694	-1.08368759136692	2	0	0.754828563229885	2	2	0.245171436770115	0.238132600997024	2.73139934787536	-11.5453899857847	-0.0418437956834619	NA	NA	NA	NA	NA	NA	NA	NA	NA	NA	NA	NA	NA	NA	NA	NA	NA	NA	NA	NA
212	20	59681804	59827909	0.876850115205032	1	-0.445971490909636	1.96331067246672	2	0	1	NA	NA	NA	NA	NA	NA	NA	NA	NA	NA	NA	NA	NA	NA	NA	NA	NA	NA	NA	NA	NA	NA	NA	NA	NA	NA	NA	NA	NA	NA	NA	NA	NA	NA	NA	NA	NA	NA	NA	NA	NA	NA	NA	NA	NA	NA	NA	NA	NA	NA	NA	NA	NA	NA	NA	NA	NA
213	20	59831553	59845272	0.560500013604951	0.574771149522393	-0.417276491476671	2.01493900126633	1	1	1	NA	NA	NA	NA	NA	NA	NA	NA	NA	NA	NA	NA	NA	NA	NA	NA	NA	NA	NA	NA	NA	NA	NA	NA	NA	NA	NA	NA	NA	NA	NA	NA	NA	NA	NA	NA	NA	NA	NA	NA	NA	NA	NA	NA	NA	NA	NA	NA	NA	NA	NA	NA	NA	NA	NA	NA	NA
214	20	59847271	62954601	0.899033900096764	1.36442472031622e-13	-0.289399819836391	2.4967063588881	2	0	0.602336785390854	3	0	0.397663214609146	0.0616844159576821	0.0603111115949407	0.480559698716676	0.714662452184796	1	0	0.301168392695429	3	0	0.698831607304571	0.0308422079788403	0.0301555557974704	0.240279849358338	0.357331226092398	2	0	0.801168392695426	4	0	0.198831607304574	0.03084220797884	0.0301555557974705	0.740279849358338	0.857331226092398	3	0	0.932354501823989	3	1	0.0676454981760106	0.00846881421627937	0.00827362221284696	0.916184692957346	0.948319109446607	3	0	0.966177250911995	3	2	0.0338227490880053	0.00423440710813966	0.00413681110642348	0.958092346478673	0.974159554723304	NA	NA	NA	NA	NA	NA	NA	NA	NA	NA
215	21	15273817	20141132	0.699323156314352	2.08539877813011e-26	0.398959109127824	4.00947522830456	3	1	0.883053218800685	3	2	0.116946781199315	0.0112087240104456	0.0109766049088849	0.860879630346395	0.904375390565806	3	0	0.441526609400343	3	2	0.558473390599657	0.00560436200522282	0.00548830245444243	0.430439815173198	0.452187695282903	3	1	0.941526609400343	3	3	0.0584733905996574	0.0056043620052228	0.00548830245444243	0.930439815173198	0.952187695282903	2	1	0.271998306043853	3	1	0.728001693956147	0.023923595722203	0.0233063638666979	0.22367022443306	0.313311540327088	1	1	0.135999153021927	3	1	0.864000846978073	0.0119617978611015	0.0116531819333489	0.11183511221653	0.156655770163544	2	1	0.635999153021926	4	1	0.364000846978074	0.0119617978611016	0.011653181933349	0.61183511221653	0.656655770163544
216	21	20141470	37532222	0.723674741601031	1	0.429995789690265	4.10985824482929	3	1	1	NA	NA	NA	NA	NA	NA	NA	NA	NA	NA	NA	NA	NA	NA	NA	NA	NA	NA	NA	NA	NA	NA	NA	NA	NA	NA	NA	NA	NA	NA	NA	NA	NA	NA	NA	NA	NA	NA	NA	NA	NA	NA	NA	NA	NA	NA	NA	NA	NA	NA	NA	NA	NA	NA	NA	NA	NA
217	21	37533039	48101335	0.700386026697298	5.11662307453033e-51	0.537035074556386	4.47310513983656	3	1	0.890221543605269	3	2	0.109778456394731	0.00744149930571181	0.00707926532023061	0.876399081290009	0.904390939130563	3	0	0.445110771802635	3	2	0.554889228197365	0.0037207496528559	0.00353963266011531	0.438199540645005	0.452195469565281	3	1	0.945110771802635	3	3	0.0548892281973654	0.0037207496528559	0.00377477874068851	0.937512949292781	0.9519911042398	4	1	0.462437490408855	4	2	0.537562509591144	0.00969422178962484	0.00959593644929028	0.443705607234356	0.480600849444483	4	0	0.231218745204428	4	2	0.768781254795572	0.00484711089481242	0.00494041527416407	0.220905414730494	0.240205494694023	4	1	0.731218745204428	4	3	0.268781254795572	0.00484711089481238	0.00494041527416407	0.720905414730494	0.740205494694023
218	22	16572992	19931853	0.501562606385997	1	-0.200993702549257	2.43894900040997	1	1	1	NA	NA	NA	NA	NA	NA	NA	NA	NA	NA	NA	NA	NA	NA	NA	NA	NA	NA	NA	NA	NA	NA	NA	NA	NA	NA	NA	NA	NA	NA	NA	NA	NA	NA	NA	NA	NA	NA	NA	NA	NA	NA	NA	NA	NA	NA	NA	NA	NA	NA	NA	NA	NA	NA	NA	NA	NA
219	22	19932095	21255763	0.648845011612916	6.95423762744467e-09	0.314334485108624	3.74649272710728	2	1	0.895102901976867	3	1	0.104897098023133	0.0184601668826057	0.0189991741707059	0.859347890066528	0.933610633825302	1	1	0.447551450988434	3	1	0.552448549011566	0.00923008344130311	0.00949958708535295	0.429673945033265	0.466805316912651	2	1	0.947551450988434	4	1	0.0524485490115664	0.00923008344130305	0.00949958708535296	0.929673945033264	0.966805316912651	3	1	0.515570215500944	3	2	0.484429784499056	0.0137037720970012	0.0141216816293471	0.486371613897159	0.541340812240742	3	0	0.257785107750472	3	2	0.742214892249528	0.00685188604850057	0.00706084081467355	0.24318580694858	0.270670406120371	3	1	0.757785107750472	3	3	0.242214892249528	0.00685188604850062	0.00681682801454648	0.744708094172	0.771569623801171
220	22	21256671	49998877	0.502075519059387	1	-0.24867605757356	2.33993379859301	1	1	1	NA	NA	NA	NA	NA	NA	NA	NA	NA	NA	NA	NA	NA	NA	NA	NA	NA	NA	NA	NA	NA	NA	NA	NA	NA	NA	NA	NA	NA	NA	NA	NA	NA	NA	NA	NA	NA	NA	NA	NA	NA	NA	NA	NA	NA	NA	NA	NA	NA	NA	NA	NA	NA	NA	NA	NA	NA
221	X	1455666	155239499	0.501170114730908	1	-0.289731406015404	2.25726293877257	1	1	1	NA	NA	NA	NA	NA	NA	NA	NA	NA	NA	NA	NA	NA	NA	NA	NA	NA	NA	NA	NA	NA	NA	NA	NA	NA	NA	NA	NA	NA	NA	NA	NA	NA	NA	NA	NA	NA	NA	NA	NA	NA	NA	NA	NA	NA	NA	NA	NA	NA	NA	NA	NA	NA	NA	NA	NA	NA
