	chr	startpos	endpos	BAF	pval	LogR	ntot	nMaj1_A	nMin1_A	frac1_A	nMaj2_A	nMin2_A	frac2_A	SDfrac_A	SDfrac_A_BS	frac1_A_0.025	frac1_A_0.975	nMaj1_B	nMin1_B	frac1_B	nMaj2_B	nMin2_B	frac2_B	SDfrac_B	SDfrac_B_BS	frac1_B_0.025	frac1_B_0.975	nMaj1_C	nMin1_C	frac1_C	nMaj2_C	nMin2_C	frac2_C	SDfrac_C	SDfrac_C_BS	frac1_C_0.025	frac1_C_0.975	nMaj1_D	nMin1_D	frac1_D	nMaj2_D	nMin2_D	frac2_D	SDfrac_D	SDfrac_D_BS	frac1_D_0.025	frac1_D_0.975	nMaj1_E	nMin1_E	frac1_E	nMaj2_E	nMin2_E	frac2_E	SDfrac_E	SDfrac_E_BS	frac1_E_0.025	frac1_E_0.975	nMaj1_F	nMin1_F	frac1_F	nMaj2_F	nMin2_F	frac2_F	SDfrac_F	SDfrac_F_BS	frac1_F_0.025	frac1_F_0.975
1	1	762601	6717672	0.846620023783328	4.24462195706902e-19	-0.211798421366695	2.31356967519796	2	0	0.751627883483842	3	0	0.248372116516158	0.0300012689340596	0.0303407003360671	0.688796290968736	0.813637445033291	1	0	0.375813941741922	3	0	0.624186058258078	0.0150006344670298	0.0151703501680335	0.344398145484368	0.406818722516646	2	0	0.875813941741922	4	0	0.124186058258078	0.0150006344670298	0.0151703501680335	0.844398145484369	0.906818722516645	3	0	0.86382950597204	3	1	0.13617049402796	0.00692249714718846	0.00700322944839611	0.849162350182061	0.877953366126314	3	0	0.93191475298602	3	2	0.0680852470139802	0.0034612485735942	0.00349247580772763	0.924701089720105	0.938642290183252	NA	NA	NA	NA	NA	NA	NA	NA	NA	NA
2	1	6719008	40398728	0.619779776226614	1	0.30459559586625	3.35860867922559	2	1	1	NA	NA	NA	NA	NA	NA	NA	NA	NA	NA	NA	NA	NA	NA	NA	NA	NA	NA	NA	NA	NA	NA	NA	NA	NA	NA	NA	NA	NA	NA	NA	NA	NA	NA	NA	NA	NA	NA	NA	NA	NA	NA	NA	NA	NA	NA	NA	NA	NA	NA	NA	NA	NA	NA	NA	NA	NA
3	1	40398842	42858640	0.584553440218581	8.2593332610029e-52	0.21884571895089	3.10738733911059	2	1	0.722494610970171	2	2	0.277505389029829	0.01902492390834	0.019514813855127	0.684193470409568	0.758209675248528	2	0	0.361247305485085	2	2	0.638752694514914	0.00951246195416999	0.0097574069275635	0.342096735204784	0.379104837624264	2	1	0.861247305485085	2	3	0.138752694514915	0.00951246195417005	0.0097574069275635	0.842096735204784	0.879104837624264	1	1	0.390463528984161	2	1	0.609536471015839	0.0225842412223977	0.0231397899310135	0.34690034441412	0.434889840713635	0	1	0.195231764492081	2	1	0.804768235507919	0.0112921206111989	0.0115698949655068	0.17345017220706	0.217444920356817	1	1	0.695231764492081	3	1	0.304768235507919	0.011292120611199	0.0117834880468089	0.672794683699927	0.719858807925855
4	1	42859183	45254826	0.622862242870948	1	0.260690251493384	3.2281143998431	2	1	1	NA	NA	NA	NA	NA	NA	NA	NA	NA	NA	NA	NA	NA	NA	NA	NA	NA	NA	NA	NA	NA	NA	NA	NA	NA	NA	NA	NA	NA	NA	NA	NA	NA	NA	NA	NA	NA	NA	NA	NA	NA	NA	NA	NA	NA	NA	NA	NA	NA	NA	NA	NA	NA	NA	NA	NA	NA
5	1	45257727	46305362	0.70506414021723	1	0.764167114345104	4.99175818567305	3	1	1	NA	NA	NA	NA	NA	NA	NA	NA	NA	NA	NA	NA	NA	NA	NA	NA	NA	NA	NA	NA	NA	NA	NA	NA	NA	NA	NA	NA	NA	NA	NA	NA	NA	NA	NA	NA	NA	NA	NA	NA	NA	NA	NA	NA	NA	NA	NA	NA	NA	NA	NA	NA	NA	NA	NA	NA	NA
6	1	46306583	50022402	0.611567047012632	2.37664042801622e-13	0.110740293687267	2.81122484632726	1	1	0.139792048606907	2	1	0.860207951393092	0.0183052520700998	0.0184293057662584	0.102299502309054	0.173639586484233	0	1	0.0698960243034538	2	1	0.930103975696546	0.00915262603504991	0.00921465288312921	0.0511497511545271	0.0868197932421165	1	1	0.569896024303455	3	1	0.430103975696545	0.00915262603505013	0.00921465288312922	0.551149751154528	0.586819793242117	1	0	0.546355655320211	1	1	0.453644344679789	0.00738437685523918	0.00742206131197669	0.532462866803521	0.561081751148962	1	0	0.773177827660106	1	2	0.226822172339894	0.00369218842761959	0.00371103065598835	0.766231433401761	0.780540875574481	NA	NA	NA	NA	NA	NA	NA	NA	NA	NA
7	1	50024363	116807794	0.500883637030228	1	-0.406197811555535	1.66502094053028	1	1	1	NA	NA	NA	NA	NA	NA	NA	NA	NA	NA	NA	NA	NA	NA	NA	NA	NA	NA	NA	NA	NA	NA	NA	NA	NA	NA	NA	NA	NA	NA	NA	NA	NA	NA	NA	NA	NA	NA	NA	NA	NA	NA	NA	NA	NA	NA	NA	NA	NA	NA	NA	NA	NA	NA	NA	NA	NA
8	1	116809577	118137139	0.763961534996632	2.26970128799639e-05	-1.00718262206961	1.15497114348223	1	0	0.887394832757518	2	0	0.112605167242482	0.0279443746972579	0.0267853231993465	0.832384461132661	0.940994171751738	0	0	0.443697416378759	2	0	0.556302583621241	0.0139721873486288	0.0133926615996733	0.41619223056633	0.470497085875869	1	0	0.943697416378759	3	0	0.056302583621241	0.0139721873486289	0.0133926615996732	0.916192230566332	0.97049708587587	2	0	0.725824790148723	2	1	0.274175209851277	0.0133903604493357	0.0128237493642158	0.698997505808087	0.751059639757158	2	0	0.862912395074362	2	2	0.137087604925638	0.00669518022466797	0.00641187468210789	0.849498752904044	0.875529819878579	NA	NA	NA	NA	NA	NA	NA	NA	NA	NA
9	1	118139053	145328113	0.500650832520005	1	-0.389634205810483	1.69573561690447	1	1	1	NA	NA	NA	NA	NA	NA	NA	NA	NA	NA	NA	NA	NA	NA	NA	NA	NA	NA	NA	NA	NA	NA	NA	NA	NA	NA	NA	NA	NA	NA	NA	NA	NA	NA	NA	NA	NA	NA	NA	NA	NA	NA	NA	NA	NA	NA	NA	NA	NA	NA	NA	NA	NA	NA	NA	NA	NA
10	1	145328809	249230279	0.626774126382	1	0.0895088539982069	2.75562197851388	2	1	1	NA	NA	NA	NA	NA	NA	NA	NA	NA	NA	NA	NA	NA	NA	NA	NA	NA	NA	NA	NA	NA	NA	NA	NA	NA	NA	NA	NA	NA	NA	NA	NA	NA	NA	NA	NA	NA	NA	NA	NA	NA	NA	NA	NA	NA	NA	NA	NA	NA	NA	NA	NA	NA	NA	NA	NA	NA
11	2	10747	89161547	0.501197163205465	1	-0.379915104127209	1.7139230564414	1	1	1	NA	NA	NA	NA	NA	NA	NA	NA	NA	NA	NA	NA	NA	NA	NA	NA	NA	NA	NA	NA	NA	NA	NA	NA	NA	NA	NA	NA	NA	NA	NA	NA	NA	NA	NA	NA	NA	NA	NA	NA	NA	NA	NA	NA	NA	NA	NA	NA	NA	NA	NA	NA	NA	NA	NA	NA	NA
12	2	89161932	89326083	0.758153316998809	1	-1.10568850372693	1.10333938080761	1	0	1	NA	NA	NA	NA	NA	NA	NA	NA	NA	NA	NA	NA	NA	NA	NA	NA	NA	NA	NA	NA	NA	NA	NA	NA	NA	NA	NA	NA	NA	NA	NA	NA	NA	NA	NA	NA	NA	NA	NA	NA	NA	NA	NA	NA	NA	NA	NA	NA	NA	NA	NA	NA	NA	NA	NA	NA	NA
13	2	89327931	242985493	0.501305745856164	1	-0.398900152681336	1.67850988700803	1	1	1	NA	NA	NA	NA	NA	NA	NA	NA	NA	NA	NA	NA	NA	NA	NA	NA	NA	NA	NA	NA	NA	NA	NA	NA	NA	NA	NA	NA	NA	NA	NA	NA	NA	NA	NA	NA	NA	NA	NA	NA	NA	NA	NA	NA	NA	NA	NA	NA	NA	NA	NA	NA	NA	NA	NA	NA	NA
14	3	60596	46177162	0.612905151157554	6.99309474643643e-163	0.0429326271779257	2.63647283610515	1	1	0.126465734588572	2	1	0.873534265411428	0.00448103482847649	0.00436705738177453	0.117631340236006	0.135022831441906	0	1	0.0632328672942858	2	1	0.936767132705714	0.00224051741423825	0.00221850834834649	0.0592026062402105	0.0675410175066439	1	1	0.563232867294286	3	1	0.436767132705714	0.00224051741423825	0.00228815245937253	0.558872542006789	0.567489528267677	1	0	0.551701374657253	1	1	0.448298625342747	0.00178741834342244	0.00181010648576151	0.548370011580027	0.555250232302492	1	0	0.775850687328627	1	2	0.224149312671373	0.000893709171711221	0.0008762307101542	0.774079651568562	0.777445823243043	NA	NA	NA	NA	NA	NA	NA	NA	NA	NA
15	3	46188270	46462144	0.711173448108382	0.00095769099251134	0.38746636806142	3.61600368994582	3	0	0.0770446138967751	3	1	0.922955386103225	0.0226167031798441	0.0226218754481752	0.0344763629757318	0.120688727288205	3	0	0.538522306948388	3	2	0.461477693051612	0.0113083515899219	0.0113109377240876	0.517238181487866	0.560344363644103	2	0	0.483171350855045	2	1	0.516828649144955	0.0161500845878332	0.0161537779895815	0.452774309886507	0.514336641279016	2	0	0.741585675427523	2	2	0.258414324572477	0.00807504229391676	0.00807688899479076	0.726387154943254	0.757168320639508	NA	NA	NA	NA	NA	NA	NA	NA	NA	NA	NA	NA	NA	NA	NA	NA	NA	NA	NA	NA
16	3	46462551	51923064	0.632554317505256	1	0.374400794111039	3.57443410014873	2	1	1	NA	NA	NA	NA	NA	NA	NA	NA	NA	NA	NA	NA	NA	NA	NA	NA	NA	NA	NA	NA	NA	NA	NA	NA	NA	NA	NA	NA	NA	NA	NA	NA	NA	NA	NA	NA	NA	NA	NA	NA	NA	NA	NA	NA	NA	NA	NA	NA	NA	NA	NA	NA	NA	NA	NA	NA	NA
17	3	51953950	52997772	0.506530586253332	1	0.587612133323591	4.30217394385261	2	2	1	NA	NA	NA	NA	NA	NA	NA	NA	NA	NA	NA	NA	NA	NA	NA	NA	NA	NA	NA	NA	NA	NA	NA	NA	NA	NA	NA	NA	NA	NA	NA	NA	NA	NA	NA	NA	NA	NA	NA	NA	NA	NA	NA	NA	NA	NA	NA	NA	NA	NA	NA	NA	NA	NA	NA	NA	NA
18	3	53012251	129368732	0.620080146768588	1	0.0107717944243444	2.55641701300881	2	1	1	NA	NA	NA	NA	NA	NA	NA	NA	NA	NA	NA	NA	NA	NA	NA	NA	NA	NA	NA	NA	NA	NA	NA	NA	NA	NA	NA	NA	NA	NA	NA	NA	NA	NA	NA	NA	NA	NA	NA	NA	NA	NA	NA	NA	NA	NA	NA	NA	NA	NA	NA	NA	NA	NA	NA	NA	NA
19	3	129370830	129642390	0.52474865001166	0.00280235078156231	0.280061495016917	3.28519983807612	2	1	0.235574205187833	2	2	0.764425794812167	0.0745092356283352	0.0758160669881159	0.084762078138739	0.372589353134146	2	0	0.117787102593916	2	2	0.882212897406084	0.0372546178141676	0.0379080334940579	0.0423810390693695	0.186294676567073	2	1	0.617787102593916	2	3	0.382212897406084	0.0372546178141676	0.0371017000725505	0.542405598427143	0.686876172991752	1	1	0.844040535332759	2	1	0.155959464667241	0.0544684982410248	0.0543279335152683	0.735038143772975	0.94649937128515	0	1	0.42202026766638	2	1	0.57797973233362	0.0272342491205125	0.0271639667576342	0.367519071886487	0.473249685642575	1	1	0.92202026766638	3	1	0.07797973233362	0.0272342491205124	0.0271639667576342	0.867519071886488	0.973249685642575
20	3	129643890	140916770	0.629042886652676	1	0.0620789812742222	2.68498698579449	2	1	1	NA	NA	NA	NA	NA	NA	NA	NA	NA	NA	NA	NA	NA	NA	NA	NA	NA	NA	NA	NA	NA	NA	NA	NA	NA	NA	NA	NA	NA	NA	NA	NA	NA	NA	NA	NA	NA	NA	NA	NA	NA	NA	NA	NA	NA	NA	NA	NA	NA	NA	NA	NA	NA	NA	NA	NA	NA
21	3	140960116	141197417	0.502143675738307	1	0.426892123322432	3.74374754857915	2	2	1	NA	NA	NA	NA	NA	NA	NA	NA	NA	NA	NA	NA	NA	NA	NA	NA	NA	NA	NA	NA	NA	NA	NA	NA	NA	NA	NA	NA	NA	NA	NA	NA	NA	NA	NA	NA	NA	NA	NA	NA	NA	NA	NA	NA	NA	NA	NA	NA	NA	NA	NA	NA	NA	NA	NA	NA	NA
22	3	141200951	166399946	0.625730708789148	1	-0.00503931152401093	2.51770902702568	2	1	1	NA	NA	NA	NA	NA	NA	NA	NA	NA	NA	NA	NA	NA	NA	NA	NA	NA	NA	NA	NA	NA	NA	NA	NA	NA	NA	NA	NA	NA	NA	NA	NA	NA	NA	NA	NA	NA	NA	NA	NA	NA	NA	NA	NA	NA	NA	NA	NA	NA	NA	NA	NA	NA	NA	NA	NA	NA
23	3	166401140	186503618	0.609443377944338	1.53759600678534e-94	0.0658976340884522	2.69474016108599	1	1	0.160754417262135	2	1	0.839245582737865	0.00742446767791818	0.00750280355122027	0.145950837032666	0.175780066513592	0	1	0.0803772086310676	2	1	0.919622791368932	0.00371223383895907	0.00380243270882255	0.073141057418921	0.0884413717339358	1	1	0.580377208631068	3	1	0.419622791368932	0.00371223383895919	0.00367241207727462	0.573701946922181	0.587812393256609	1	0	0.537823416795206	1	1	0.462176583204794	0.00304905773514574	0.00305691358935668	0.53153607232359	0.543851396302935	1	0	0.768911708397603	1	2	0.231088291602397	0.00152452886757293	0.00152845679467834	0.765768036161795	0.771925698151468	NA	NA	NA	NA	NA	NA	NA	NA	NA	NA
24	3	186503628	197845233	0.627984165821068	1	0.118275495174596	2.83115630127977	2	1	1	NA	NA	NA	NA	NA	NA	NA	NA	NA	NA	NA	NA	NA	NA	NA	NA	NA	NA	NA	NA	NA	NA	NA	NA	NA	NA	NA	NA	NA	NA	NA	NA	NA	NA	NA	NA	NA	NA	NA	NA	NA	NA	NA	NA	NA	NA	NA	NA	NA	NA	NA	NA	NA	NA	NA	NA	NA
25	4	72048	71470493	0.61518584380993	1	0.0284267951724703	2.60014341610494	2	1	1	NA	NA	NA	NA	NA	NA	NA	NA	NA	NA	NA	NA	NA	NA	NA	NA	NA	NA	NA	NA	NA	NA	NA	NA	NA	NA	NA	NA	NA	NA	NA	NA	NA	NA	NA	NA	NA	NA	NA	NA	NA	NA	NA	NA	NA	NA	NA	NA	NA	NA	NA	NA	NA	NA	NA	NA	NA
26	4	71493927	71681446	0.843862533816149	1	-0.145638556598093	2.1915353643768	2	0	1	NA	NA	NA	NA	NA	NA	NA	NA	NA	NA	NA	NA	NA	NA	NA	NA	NA	NA	NA	NA	NA	NA	NA	NA	NA	NA	NA	NA	NA	NA	NA	NA	NA	NA	NA	NA	NA	NA	NA	NA	NA	NA	NA	NA	NA	NA	NA	NA	NA	NA	NA	NA	NA	NA	NA	NA	NA
27	4	71685846	74602273	0.582026657587397	7.74908166417997e-72	0.0226748911273633	2.58583877986319	1	1	0.412253553409223	2	1	0.587746446590777	0.0199986464516324	0.0197421615908063	0.372196610307296	0.449826053607079	0	1	0.206126776704612	2	1	0.793873223295388	0.00999932322581613	0.00970748357509433	0.18756020744228	0.224680133832697	1	1	0.706126776704612	3	1	0.293873223295388	0.00999932322581581	0.00970748357509432	0.68756020744228	0.724680133832698	1	0	0.422080919439311	1	1	0.577919080560689	0.0103134855637199	0.0100118912803632	0.402506496978419	0.440852741472759	1	0	0.711040459719655	1	2	0.288959540280345	0.0051567427818599	0.0050059456401816	0.70125324848921	0.72042637073638	NA	NA	NA	NA	NA	NA	NA	NA	NA	NA
28	4	74603015	121528148	0.61117698295602	4.06591579222877e-189	0.00403988563981237	2.53988440666394	1	1	0.143659469917883	2	1	0.856340530082117	0.00469306025703864	0.00467879422045862	0.134928385763207	0.153110667222637	0	1	0.0718297349589416	2	1	0.928170265041058	0.0023465301285193	0.00241526746116273	0.0671724294835539	0.0764852885524249	1	1	0.571829734958942	3	1	0.428170265041058	0.0023465301285196	0.00234237356635127	0.567392712382209	0.576330749895021	1	0	0.544792945102663	1	1	0.455207054897337	0.0018994405167353	0.0018945962508397	0.540960461958881	0.548407737980199	1	0	0.772396472551331	1	2	0.227603527448669	0.000949720258367703	0.00095069549168306	0.770517690922362	0.774205951260742	NA	NA	NA	NA	NA	NA	NA	NA	NA	NA
29	4	121530891	190742322	0.624051294378906	1	-0.00231006454941414	2.5243603806673	2	1	1	NA	NA	NA	NA	NA	NA	NA	NA	NA	NA	NA	NA	NA	NA	NA	NA	NA	NA	NA	NA	NA	NA	NA	NA	NA	NA	NA	NA	NA	NA	NA	NA	NA	NA	NA	NA	NA	NA	NA	NA	NA	NA	NA	NA	NA	NA	NA	NA	NA	NA	NA	NA	NA	NA	NA	NA	NA
30	5	850473	10451902	0.62090546525529	1	0.0217494301405366	2.58354253616273	2	1	1	NA	NA	NA	NA	NA	NA	NA	NA	NA	NA	NA	NA	NA	NA	NA	NA	NA	NA	NA	NA	NA	NA	NA	NA	NA	NA	NA	NA	NA	NA	NA	NA	NA	NA	NA	NA	NA	NA	NA	NA	NA	NA	NA	NA	NA	NA	NA	NA	NA	NA	NA	NA	NA	NA	NA	NA	NA
31	5	10452639	19926896	0.599412341675496	4.481990388435e-108	0.00790226291530919	2.54936041913419	1	1	0.25676471469071	2	1	0.74323528530929	0.0107042850902611	0.0105719861992731	0.236412840357808	0.276588528935815	0	1	0.128382357345355	2	1	0.871617642654645	0.00535214254513051	0.00539921892934114	0.118426345520828	0.138758494745007	1	1	0.628382357345356	3	1	0.371617642654644	0.0053521425451305	0.00551229007988393	0.617481925520264	0.638906823992269	1	0	0.496704625223376	1	1	0.503295374776624	0.00478078777607435	0.00492362996724482	0.487157210028702	0.506311863756233	1	0	0.748352312611688	1	2	0.251647687388312	0.0023903938880373	0.00246181498362242	0.743578605014351	0.753155931878116	NA	NA	NA	NA	NA	NA	NA	NA	NA	NA
32	5	19927117	71422186	0.622882718258927	1	0.0234430714111489	2.58774589948567	2	1	1	NA	NA	NA	NA	NA	NA	NA	NA	NA	NA	NA	NA	NA	NA	NA	NA	NA	NA	NA	NA	NA	NA	NA	NA	NA	NA	NA	NA	NA	NA	NA	NA	NA	NA	NA	NA	NA	NA	NA	NA	NA	NA	NA	NA	NA	NA	NA	NA	NA	NA	NA	NA	NA	NA	NA	NA	NA
33	5	71423225	115243936	0.608542189896504	2.00741602501955e-233	0.00773493910064302	2.54894937853599	1	1	0.16958115128986	2	1	0.83041884871014	0.00493607021755856	0.00489727045944271	0.160152563006897	0.179767621548066	0	1	0.0847905756449299	2	1	0.91520942435507	0.00246803510877929	0.00246115801200054	0.0798908815647432	0.0894472296357641	1	1	0.58479057564493	3	1	0.41520942435507	0.00246803510877919	0.00245095864049094	0.579617259927973	0.58945618525477	1	0	0.534184727668634	1	1	0.465815272331366	0.00204253470134413	0.00201646960417896	0.530413579780545	0.538291889058073	1	0	0.767092363834317	1	2	0.232907636165683	0.00102126735067221	0.00102394954441412	0.765142104360715	0.769045931298039	NA	NA	NA	NA	NA	NA	NA	NA	NA	NA
34	5	115244235	125489553	0.627197385474513	1	-0.0211413242551985	2.47872244431271	2	1	1	NA	NA	NA	NA	NA	NA	NA	NA	NA	NA	NA	NA	NA	NA	NA	NA	NA	NA	NA	NA	NA	NA	NA	NA	NA	NA	NA	NA	NA	NA	NA	NA	NA	NA	NA	NA	NA	NA	NA	NA	NA	NA	NA	NA	NA	NA	NA	NA	NA	NA	NA	NA	NA	NA	NA	NA	NA
35	5	125489767	137043074	0.602053769017088	1.40371420708149e-95	0.0913191939704675	2.76033121858352	1	1	0.231952227870301	2	1	0.768047772129699	0.0103936752714383	0.010504186594211	0.211309695685753	0.251882337221798	0	1	0.115976113935151	2	1	0.884023886064849	0.00519683763571921	0.00532670759593132	0.105925496430928	0.126570508730213	1	1	0.615976113935151	3	1	0.384023886064849	0.00519683763571938	0.00532670759593132	0.605925496430929	0.626570508730213	1	0	0.507665148634193	1	1	0.492334851365807	0.00454093735761157	0.00454116509938006	0.498890308906088	0.516694037960311	1	0	0.753832574317097	1	2	0.246167425682903	0.00227046867880593	0.00227058254969003	0.749445154453044	0.758347018980156	NA	NA	NA	NA	NA	NA	NA	NA	NA	NA
36	5	137043229	138276784	0.547474580960471	1.06096734203206e-18	0.357601596815372	3.521535808017	2	1	0.433136447959864	2	2	0.566863552040136	0.0433174460015177	0.0429367737206928	0.345343573337812	0.517369673006447	2	0	0.216568223979932	2	2	0.783431776020068	0.0216587230007588	0.0214683868603464	0.172671786668906	0.258684836503223	2	1	0.716568223979932	2	3	0.283431776020068	0.0216587230007588	0.0214683868603464	0.672671786668906	0.758684836503223	1	1	0.685803211394471	2	1	0.314196788605529	0.0380171004555734	0.0376317112249568	0.608404244476674	0.759543967650223	0	1	0.342901605697236	2	1	0.657098394302764	0.0190085502277867	0.0188158556124784	0.304202122238337	0.379771983825112	1	1	0.842901605697236	3	1	0.157098394302764	0.019008550227787	0.0188158556124784	0.804202122238338	0.879771983825112
37	5	138276944	139690461	0.673017255172963	2.77789453628921e-08	0.562894218659438	4.21219126264442	3	1	0.798230114341064	3	2	0.201769885658936	0.0371986226317938	0.0388360455314133	0.718831721515968	0.871532738624637	3	0	0.399115057170532	3	2	0.600884942829468	0.0185993113158971	0.0194180227657067	0.359415860757984	0.435766369312318	3	1	0.899115057170533	3	3	0.100884942829467	0.0185993113158971	0.0194180227657067	0.859415860757984	0.935766369312318	4	1	0.312384109184773	4	2	0.687615890815227	0.0478345363984976	0.0499401349327996	0.210283949478104	0.406645584511576	4	0	0.156192054592386	4	2	0.843807945407614	0.0239172681992488	0.0249700674663998	0.105141974739052	0.203322792255788	4	1	0.656192054592386	4	3	0.343807945407614	0.0239172681992488	0.0249700674663998	0.605141974739052	0.703322792255788
38	5	139701920	160002366	0.626378880908704	1	0.0825921817555276	2.73768394927495	2	1	1	NA	NA	NA	NA	NA	NA	NA	NA	NA	NA	NA	NA	NA	NA	NA	NA	NA	NA	NA	NA	NA	NA	NA	NA	NA	NA	NA	NA	NA	NA	NA	NA	NA	NA	NA	NA	NA	NA	NA	NA	NA	NA	NA	NA	NA	NA	NA	NA	NA	NA	NA	NA	NA	NA	NA	NA	NA
39	5	160002570	165069141	0.599641779015023	2.15724902820995e-55	-0.0233955385663072	2.47329912582782	1	1	0.254622458692095	2	1	0.745377541307904	0.0149584726816092	0.0151768106313921	0.225512479558204	0.286118038000896	0	1	0.127311229346048	2	1	0.872688770653952	0.00747923634080464	0.00758840531569605	0.112756239779102	0.143059019000448	1	1	0.627311229346048	3	1	0.372688770653952	0.00747923634080466	0.00758840531569604	0.612756239779102	0.643059019000448	1	0	0.497660498056645	1	1	0.502339501943355	0.00666802372746655	0.00658284912100801	0.484836824377637	0.510014910519127	1	0	0.748830249028322	1	2	0.251169750971678	0.00333401186373328	0.00329142456050401	0.742418412188819	0.755007455259563	NA	NA	NA	NA	NA	NA	NA	NA	NA	NA
40	5	165069786	180742810	0.624532372819067	1	0.169501856261203	2.96945065729903	2	1	1	NA	NA	NA	NA	NA	NA	NA	NA	NA	NA	NA	NA	NA	NA	NA	NA	NA	NA	NA	NA	NA	NA	NA	NA	NA	NA	NA	NA	NA	NA	NA	NA	NA	NA	NA	NA	NA	NA	NA	NA	NA	NA	NA	NA	NA	NA	NA	NA	NA	NA	NA	NA	NA	NA	NA	NA	NA
41	6	186795	89558273	0.62125583979861	1	0.0796684798575818	2.73012730192398	2	1	1	NA	NA	NA	NA	NA	NA	NA	NA	NA	NA	NA	NA	NA	NA	NA	NA	NA	NA	NA	NA	NA	NA	NA	NA	NA	NA	NA	NA	NA	NA	NA	NA	NA	NA	NA	NA	NA	NA	NA	NA	NA	NA	NA	NA	NA	NA	NA	NA	NA	NA	NA	NA	NA	NA	NA	NA	NA
42	6	89569254	90613748	0.503515286823648	1	0.612242229100628	4.39338359187124	2	2	1	NA	NA	NA	NA	NA	NA	NA	NA	NA	NA	NA	NA	NA	NA	NA	NA	NA	NA	NA	NA	NA	NA	NA	NA	NA	NA	NA	NA	NA	NA	NA	NA	NA	NA	NA	NA	NA	NA	NA	NA	NA	NA	NA	NA	NA	NA	NA	NA	NA	NA	NA	NA	NA	NA	NA	NA	NA
43	6	90615280	170919682	0.618432783663137	1	0.0278018456534378	2.59858644151997	2	1	1	NA	NA	NA	NA	NA	NA	NA	NA	NA	NA	NA	NA	NA	NA	NA	NA	NA	NA	NA	NA	NA	NA	NA	NA	NA	NA	NA	NA	NA	NA	NA	NA	NA	NA	NA	NA	NA	NA	NA	NA	NA	NA	NA	NA	NA	NA	NA	NA	NA	NA	NA	NA	NA	NA	NA	NA	NA
44	7	80500	23669812	0.609253781826963	3.55920012584802e-156	0.0938004658339537	2.76679536251261	1	1	0.162614808286123	2	1	0.837385191713877	0.0058163314844133	0.00583830974888404	0.151158065316621	0.173639857661444	0	1	0.0813074041430615	2	1	0.918692595856939	0.00290816574220668	0.00288880958253694	0.0757338661650669	0.0869055029114466	1	1	0.581307404143062	3	1	0.418692595856938	0.0029081657422067	0.00289750112748371	0.57571440642441	0.587104630548624	1	0	0.537058786627659	1	1	0.462941213372341	0.00239244333582012	0.00248299960898501	0.532183321384256	0.541985384919144	1	0	0.768529393313829	1	2	0.231470606686171	0.00119622166791011	0.00120642735910374	0.766290410360214	0.770857046453336	NA	NA	NA	NA	NA	NA	NA	NA	NA	NA
45	7	23670334	78530971	0.62698143783254	1	0.135170978966835	2.87622696332933	2	1	1	NA	NA	NA	NA	NA	NA	NA	NA	NA	NA	NA	NA	NA	NA	NA	NA	NA	NA	NA	NA	NA	NA	NA	NA	NA	NA	NA	NA	NA	NA	NA	NA	NA	NA	NA	NA	NA	NA	NA	NA	NA	NA	NA	NA	NA	NA	NA	NA	NA	NA	NA	NA	NA	NA	NA	NA	NA
46	7	78534006	119060306	0.609995459840671	3.10580455001927e-163	0.0462384213182419	2.64480333112116	1	1	0.15532687238869	2	1	0.84467312761131	0.00544542670061149	0.00541617804356366	0.144616030585614	0.166154483849228	0	1	0.0776634361943451	2	1	0.922336563805655	0.00272271335030574	0.00286524976459473	0.0719631892445401	0.0832371112412506	1	1	0.577663436194346	3	1	0.422336563805654	0.00272271335030594	0.00269712814688277	0.572388749681739	0.582991475390948	1	0	0.540047223966283	1	1	0.459952776033717	0.00222596084353271	0.00225729748057405	0.535673443090677	0.54460485653425	1	0	0.770023611983142	1	2	0.229976388016858	0.00111298042176633	0.00108020234202834	0.767986747356507	0.772237876439048	NA	NA	NA	NA	NA	NA	NA	NA	NA	NA
47	7	119060402	119791882	0.542818748109891	1.55087085366045e-16	-0.0876672314177744	2.32218245826601	1	1	0.719502410055852	2	1	0.280497589944148	0.0363205708329457	0.0357239747851035	0.645247435347309	0.781188962886688	0	1	0.359751205027926	2	1	0.640248794972074	0.0181602854164729	0.0178619873925517	0.322623717673654	0.390594481443344	1	1	0.859751205027926	3	1	0.140248794972074	0.0181602854164732	0.0178619873925517	0.822623717673655	0.890594481443344	2	1	0.394009485279067	2	2	0.605990514720933	0.0429683090700296	0.0420662998682476	0.318085509562391	0.478090087952717	2	0	0.197004742639534	2	2	0.802995257360466	0.0214841545350148	0.0210331499341238	0.159042754781195	0.239045043976359	2	1	0.697004742639534	2	3	0.302995257360466	0.0214841545350147	0.0210331499341238	0.659042754781195	0.739045043976359
48	7	119794488	159126406	0.619079813799913	1	0.0982267821483498	2.77835432689967	2	1	1	NA	NA	NA	NA	NA	NA	NA	NA	NA	NA	NA	NA	NA	NA	NA	NA	NA	NA	NA	NA	NA	NA	NA	NA	NA	NA	NA	NA	NA	NA	NA	NA	NA	NA	NA	NA	NA	NA	NA	NA	NA	NA	NA	NA	NA	NA	NA	NA	NA	NA	NA	NA	NA	NA	NA	NA	NA
49	8	158984	3035476	0.735612325906064	7.42092330399246e-09	-1.00453436248678	0.924448324505374	0	0	0.113374921356106	1	0	0.886625078643894	0.0184586566733024	0.0186239509013612	0.0774482420910558	0.151362534954135	0	0	0.556687460678053	2	0	0.443312539321947	0.00922932833665102	0.00931197545068058	0.538724121045528	0.575681267477067	1	0	0.959251727163485	1	1	0.0407482728365149	0.0071770915004517	0.00718604234759936	0.944829590948456	0.974024268494945	1	0	0.979625863581742	1	2	0.0203741364182576	0.00358854575022577	0.00359302117379968	0.972414795474228	0.987012134247472	NA	NA	NA	NA	NA	NA	NA	NA	NA	NA	NA	NA	NA	NA	NA	NA	NA	NA	NA	NA
50	8	3035808	27448028	0.767425122608893	9.77113128286571e-166	-1.02981154877298	1.18698791641314	1	0	0.856008988979975	2	0	0.143991011020025	0.00558787645365033	0.00549936888743871	0.845461625120845	0.866743540732065	0	0	0.428004494489987	2	0	0.571995505510013	0.00279393822682517	0.00285845734381091	0.422169810118997	0.433748049252194	1	0	0.928004494489988	3	0	0.0719955055100119	0.0027939382268255	0.00276558094351833	0.922527471915044	0.933137496689705	2	0	0.740579009218644	2	1	0.259420990781356	0.00257657045059323	0.00245898458798749	0.735584779761343	0.745294203105227	2	0	0.870289504609322	2	2	0.129710495390678	0.00128828522529661	0.00128758863467903	0.867682869646229	0.872778736771104	NA	NA	NA	NA	NA	NA	NA	NA	NA	NA
51	8	27448729	135026174	0.885446396971131	1	0.0438412590368783	3.43493304524192	3	0	1	NA	NA	NA	NA	NA	NA	NA	NA	NA	NA	NA	NA	NA	NA	NA	NA	NA	NA	NA	NA	NA	NA	NA	NA	NA	NA	NA	NA	NA	NA	NA	NA	NA	NA	NA	NA	NA	NA	NA	NA	NA	NA	NA	NA	NA	NA	NA	NA	NA	NA	NA	NA	NA	NA	NA	NA	NA
52	8	135026472	135135958	0.743870843595543	0.0052262017899747	-0.0239406295900809	2.47198898627555	2	0	0.637532372635364	2	1	0.362467627364636	0.14235277688804	0.15081492938557	0.302101673853794	0.889507343239821	2	0	0.818766186317682	2	2	0.181233813682318	0.0711763884440201	0.075407464692785	0.651050836926897	0.944753671619911	3	0	0.293212980889289	3	1	0.706787019110711	0.19935192810871	0.211202391817327	-0.176526760131359	0.646080675663104	3	0	0.646606490444644	3	2	0.353393509555356	0.0996759640543552	0.105601195908663	0.411736619934321	0.823040337831552	NA	NA	NA	NA	NA	NA	NA	NA	NA	NA	NA	NA	NA	NA	NA	NA	NA	NA	NA	NA
53	8	135136933	146300287	0.887347145610834	7.25838221357422e-36	0.10467362249912	3.50967607445351	3	0	0.579092204470479	4	0	0.420907795529521	0.0370622278023414	0.0373569426690615	0.502470832700199	0.649161732486255	2	0	0.289546102235239	4	0	0.710453897764761	0.0185311139011715	0.0184298709460478	0.253646737399258	0.326995412505665	3	0	0.789546102235239	5	0	0.210453897764761	0.0185311139011707	0.0184298709460478	0.753646737399258	0.826995412505665	4	0	0.926481546584335	4	1	0.0735184534156654	0.00540023003347823	0.00535011607070525	0.915699986730596	0.936569818248344	4	0	0.963240773292167	4	2	0.0367592267078327	0.00270011501673911	0.00267505803535262	0.957849993365298	0.968284909124172	NA	NA	NA	NA	NA	NA	NA	NA	NA	NA
54	9	203761	6978691	0.819899007645764	1.09890605797e-13	-0.346555554553847	1.77728937143759	1	0	0.232823221217018	2	0	0.767176778782982	0.0288545951553513	0.0286175749910822	0.175093944562858	0.287925836616158	0	0	0.116411610608509	2	0	0.883588389391491	0.0144272975776757	0.0143087874955411	0.0875469722814291	0.143962918308079	1	0	0.616411610608509	3	0	0.383588389391491	0.0144272975776752	0.0143087874955411	0.58754697228143	0.64396291830808	2	0	0.948857490016123	2	1	0.0511425099838775	0.00698917178624375	0.00709284961646365	0.93503559427441	0.963200279577043	2	0	0.974428745008061	2	2	0.0255712549919386	0.00349458589312174	0.00354642480823183	0.967517797137205	0.981600139788521	NA	NA	NA	NA	NA	NA	NA	NA	NA	NA
55	9	6979382	6992854	0.612439936661122	0.0671262404935535	-0.377570437331589	1.71832902683459	1	1	1	NA	NA	NA	NA	NA	NA	NA	NA	NA	NA	NA	NA	NA	NA	NA	NA	NA	NA	NA	NA	NA	NA	NA	NA	NA	NA	NA	NA	NA	NA	NA	NA	NA	NA	NA	NA	NA	NA	NA	NA	NA	NA	NA	NA	NA	NA	NA	NA	NA	NA	NA	NA	NA	NA	NA	NA	NA
56	9	6993189	13798290	0.847695706449519	1.95205378667913e-53	-0.511676932910193	2.3369365331414	2	0	0.728721497678891	3	0	0.271278502321109	0.0190251572685558	0.0192522978625275	0.68779301618392	0.767959519947145	1	0	0.364360748839446	3	0	0.635639251160554	0.0095125786342779	0.00962666786328659	0.344614289943404	0.383482566573553	2	0	0.864360748839445	4	0	0.135639251160555	0.0095125786342774	0.00962666786328667	0.844614289943403	0.883482566573553	3	0	0.869071634957441	3	1	0.130928365042559	0.00431774670238344	0.00436922410816151	0.860239500840735	0.877870344207577	3	0	0.934535817478721	3	2	0.0654641825212793	0.00215887335119175	0.00216956971196465	0.930142837011158	0.938622601564042	NA	NA	NA	NA	NA	NA	NA	NA	NA	NA
57	9	13798727	19353143	0.813208349795054	4.5177931166589e-19	-0.389351968201075	1.69626204506296	1	0	0.331757882233766	2	0	0.668242117766234	0.0329429500580316	0.0340418473446634	0.257906110950752	0.397060481777829	0	0	0.165878941116883	2	0	0.834121058883117	0.0164714750290157	0.016489976855582	0.132969826065495	0.197647622474997	1	0	0.665878941116884	3	0	0.334121058883116	0.0164714750290153	0.016489976855582	0.632969826065496	0.697647622474998	2	0	0.923796155921713	2	1	0.0762038440782871	0.00872479347300764	0.00874165067262909	0.906370493348042	0.940375596940491	2	0	0.961898077960857	2	2	0.0381019220391433	0.00436239673650396	0.00445836390609493	0.952958145677702	0.970211188261402	NA	NA	NA	NA	NA	NA	NA	NA	NA	NA
58	9	19353309	19366794	0.509827243954868	1	-0.20097335257577	2.07163293821999	1	1	1	NA	NA	NA	NA	NA	NA	NA	NA	NA	NA	NA	NA	NA	NA	NA	NA	NA	NA	NA	NA	NA	NA	NA	NA	NA	NA	NA	NA	NA	NA	NA	NA	NA	NA	NA	NA	NA	NA	NA	NA	NA	NA	NA	NA	NA	NA	NA	NA	NA	NA	NA	NA	NA	NA	NA	NA	NA
59	9	19366795	30689132	0.831274375459378	1	-0.478850539307007	2.01266253625421	2	0	1	NA	NA	NA	NA	NA	NA	NA	NA	NA	NA	NA	NA	NA	NA	NA	NA	NA	NA	NA	NA	NA	NA	NA	NA	NA	NA	NA	NA	NA	NA	NA	NA	NA	NA	NA	NA	NA	NA	NA	NA	NA	NA	NA	NA	NA	NA	NA	NA	NA	NA	NA	NA	NA	NA	NA	NA	NA
60	9	30689179	35749014	0.852678034614628	1.37339256732985e-90	-0.308230973096197	2.44961725987934	2	0	0.618261280661727	3	0	0.381738719338273	0.0207628270953315	0.0206586596946479	0.577423217313179	0.658133247622445	1	0	0.309130640330864	3	0	0.690869359669136	0.0103814135476658	0.0103293298473239	0.28871160865659	0.329066623811223	2	0	0.809130640330862	4	0	0.190869359669138	0.0103814135476652	0.0102637295417745	0.787282868523699	0.829060545742325	3	0	0.893179531674076	3	1	0.106820468325924	0.00435746847165747	0.00430811797809603	0.884468591175265	0.901962892896817	3	0	0.946589765837038	3	2	0.0534102341629619	0.00217873423582876	0.00215405898904801	0.942234295587633	0.950981446448409	NA	NA	NA	NA	NA	NA	NA	NA	NA	NA
61	9	35751221	74938145	0.623280390594836	1	0.139050821119258	2.88665162598019	2	1	1	NA	NA	NA	NA	NA	NA	NA	NA	NA	NA	NA	NA	NA	NA	NA	NA	NA	NA	NA	NA	NA	NA	NA	NA	NA	NA	NA	NA	NA	NA	NA	NA	NA	NA	NA	NA	NA	NA	NA	NA	NA	NA	NA	NA	NA	NA	NA	NA	NA	NA	NA	NA	NA	NA	NA	NA	NA
62	9	74940232	94870152	0.603178589703864	1.36123389443976e-165	0.067760064526326	2.6995063462152	1	1	0.221285839608046	2	1	0.778714160391954	0.00752617609334397	0.00772505992620804	0.206984864368953	0.236797401254146	0	1	0.110642919804023	2	1	0.889357080195977	0.00376308804667198	0.00386252996310402	0.103492432184476	0.118398700627073	1	1	0.610642919804024	3	1	0.389357080195976	0.00376308804667203	0.0037570952831268	0.602823439912204	0.618063135398043	1	0	0.512303414973695	1	1	0.487696585026305	0.00325740495865323	0.00319870144231994	0.505965348587263	0.518409528651802	1	0	0.756151707486847	1	2	0.243848292513153	0.00162870247932667	0.00163561010337682	0.753020269120922	0.759268759054399	NA	NA	NA	NA	NA	NA	NA	NA	NA	NA
63	9	94870408	120320533	0.62564589601223	1	0.0954409899555396	2.7710753219132	2	1	1	NA	NA	NA	NA	NA	NA	NA	NA	NA	NA	NA	NA	NA	NA	NA	NA	NA	NA	NA	NA	NA	NA	NA	NA	NA	NA	NA	NA	NA	NA	NA	NA	NA	NA	NA	NA	NA	NA	NA	NA	NA	NA	NA	NA	NA	NA	NA	NA	NA	NA	NA	NA	NA	NA	NA	NA	NA
64	9	120322243	141069765	0.603672428308486	4.64649311065551e-158	0.248706200291923	3.19318026127965	2	1	0.857806792540729	2	2	0.142193207459271	0.00543485833683671	0.00534912476680727	0.84749922197578	0.869025173267283	2	0	0.428903396270364	2	2	0.571096603729636	0.00271742916841836	0.00278810956419757	0.423462798251692	0.434344721204407	2	1	0.928903396270365	2	3	0.0710966037296352	0.00271742916841833	0.00273446967397253	0.923619611814839	0.934569981386465	3	1	0.201279256900183	3	2	0.798720743099817	0.00761101758695128	0.00732304671862625	0.186520674969457	0.215650103008623	3	0	0.100639628450092	3	2	0.899360371549908	0.00380550879347565	0.00372916311072903	0.0930981520190889	0.107807235486977	3	1	0.600639628450091	3	3	0.399360371549909	0.00380550879347569	0.00371622001253515	0.593483229574929	0.60750306448755
65	10	94426	119827940	0.627350995733682	1	0.0968864055204669	2.77485029822681	2	1	1	NA	NA	NA	NA	NA	NA	NA	NA	NA	NA	NA	NA	NA	NA	NA	NA	NA	NA	NA	NA	NA	NA	NA	NA	NA	NA	NA	NA	NA	NA	NA	NA	NA	NA	NA	NA	NA	NA	NA	NA	NA	NA	NA	NA	NA	NA	NA	NA	NA	NA	NA	NA	NA	NA	NA	NA	NA
66	10	119828385	135233770	0.61415094744452	1.98697621108909e-53	0.0894490458357702	2.75546650026688	1	1	0.113975638280114	2	1	0.886024361719886	0.00716568561364279	0.00713774680585909	0.100140623829086	0.128552206049886	0	1	0.0569878191400569	2	1	0.943012180859943	0.00358284280682141	0.00352555662668426	0.0499327423833332	0.0638694779256963	1	1	0.556987819140057	3	1	0.443012180859943	0.0035828428068212	0.00364014091575794	0.550067226903269	0.564373882973352	1	0	0.556657385180661	1	1	0.443342614819339	0.00282840422916075	0.00287521332423332	0.55079112711788	0.562147011677085	1	0	0.77832869259033	1	2	0.22167130740967	0.00141420211458054	0.00143149052271979	0.775468206651674	0.780959826560274	NA	NA	NA	NA	NA	NA	NA	NA	NA	NA
67	11	196851	35906188	0.621157178720855	1	0.0628053473805697	2.68684020105669	2	1	1	NA	NA	NA	NA	NA	NA	NA	NA	NA	NA	NA	NA	NA	NA	NA	NA	NA	NA	NA	NA	NA	NA	NA	NA	NA	NA	NA	NA	NA	NA	NA	NA	NA	NA	NA	NA	NA	NA	NA	NA	NA	NA	NA	NA	NA	NA	NA	NA	NA	NA	NA	NA	NA	NA	NA	NA	NA
68	11	35906323	51108240	0.605023390439275	1.30553457604471e-82	0.0778040401149312	2.72531643120671	1	1	0.203660537306553	2	1	0.796339462693447	0.00993281157295142	0.0101849243631803	0.184024398902944	0.224130879843609	0	1	0.101830268653277	2	1	0.898169731346723	0.00496640578647572	0.00509246218159016	0.0920121994514722	0.112065439921805	1	1	0.601830268653277	3	1	0.398169731346723	0.00496640578647567	0.00509246218159018	0.592012199451473	0.612065439921806	1	0	0.51987322474541	1	1	0.48012677525459	0.00423320120949999	0.00430248759061265	0.511268602441742	0.52759349935668	1	0	0.759936612372705	1	2	0.240063387627295	0.00211660060475011	0.00215124379530633	0.755634301220871	0.76379674967834	NA	NA	NA	NA	NA	NA	NA	NA	NA	NA
69	11	51190910	105945377	0.500711487535998	1	0.429884834180397	3.75358756781171	2	2	1	NA	NA	NA	NA	NA	NA	NA	NA	NA	NA	NA	NA	NA	NA	NA	NA	NA	NA	NA	NA	NA	NA	NA	NA	NA	NA	NA	NA	NA	NA	NA	NA	NA	NA	NA	NA	NA	NA	NA	NA	NA	NA	NA	NA	NA	NA	NA	NA	NA	NA	NA	NA	NA	NA	NA	NA	NA
70	11	105947285	119918352	0.562208776794873	3.6117010293572e-179	0.717327884891077	4.80051350667049	2	2	0.290238951405668	3	2	0.709761048594332	0.00948999666816322	0.00955581309942645	0.27171779772914	0.310195024456738	1	2	0.145119475702834	3	2	0.854880524297166	0.00474499833408162	0.00477790654971323	0.13585889886457	0.155097512228369	2	2	0.645119475702833	4	2	0.354880524297167	0.00474499833408165	0.00459613368180943	0.635881993207153	0.654501069428625	3	2	0.773991316389531	3	3	0.226008683610469	0.00805858781419594	0.00819108870779696	0.757406420084001	0.789249749957598	3	1	0.386995658194766	3	3	0.613004341805234	0.00402929390709786	0.00409554435389846	0.378703210042	0.394624874978799	3	2	0.886995658194766	3	4	0.113004341805234	0.004029293907098	0.0040417940988191	0.879221521204944	0.894695362971269
71	11	119920110	120879655	0.502579874016043	1	0.973138635826466	5.92486336645313	3	3	1	NA	NA	NA	NA	NA	NA	NA	NA	NA	NA	NA	NA	NA	NA	NA	NA	NA	NA	NA	NA	NA	NA	NA	NA	NA	NA	NA	NA	NA	NA	NA	NA	NA	NA	NA	NA	NA	NA	NA	NA	NA	NA	NA	NA	NA	NA	NA	NA	NA	NA	NA	NA	NA	NA	NA	NA	NA
72	11	120934681	134946381	0.566034946407327	2.67232385272964e-143	0.655280122448904	4.55654654636981	2	2	0.239942196656929	3	2	0.760057803343071	0.00891286762061803	0.00923791085196877	0.222540621605177	0.257803767101304	1	2	0.119971098328464	3	2	0.880028901671536	0.00445643381030902	0.00461895542598439	0.111270310802588	0.128901883550652	2	2	0.619971098328464	4	2	0.380028901671536	0.00445643381030902	0.00441433575916416	0.611260412808	0.628536963852251	2	1	0.582717599778634	2	2	0.417282400221366	0.00523889932702959	0.00514011057168252	0.572777774062765	0.592596803466527	2	0	0.291358799889317	2	2	0.708641200110683	0.00261944966351479	0.00257005528584125	0.286388887031382	0.296298401733263	2	1	0.791358799889317	2	3	0.208641200110683	0.00261944966351479	0.00268720494736564	0.78593313857474	0.796456247447287
73	12	188285	38113649	0.501002414102505	1	-0.337951600671163	1.7938716212185	1	1	1	NA	NA	NA	NA	NA	NA	NA	NA	NA	NA	NA	NA	NA	NA	NA	NA	NA	NA	NA	NA	NA	NA	NA	NA	NA	NA	NA	NA	NA	NA	NA	NA	NA	NA	NA	NA	NA	NA	NA	NA	NA	NA	NA	NA	NA	NA	NA	NA	NA	NA	NA	NA	NA	NA	NA	NA	NA
74	12	38116165	38677890	0.663787943398275	1.80721547570581e-89	-0.142419760940628	2.1986525735193	2	0	0.232480680386015	2	1	0.767519319613985	0.0102725502354006	0.0103498878849722	0.212383872292649	0.252753337103874	2	0	0.616240340193007	2	2	0.383759659806993	0.00513627511770026	0.00517494394248609	0.606191936146324	0.626376668551937	1	0	0.73898589782109	1	1	0.26101410217891	0.00615934178882388	0.00620571284624786	0.726936006890903	0.751141226228489	1	0	0.869492948910545	1	2	0.130507051089455	0.00307967089441191	0.00310285642312393	0.863468003445452	0.875570613114244	NA	NA	NA	NA	NA	NA	NA	NA	NA	NA	NA	NA	NA	NA	NA	NA	NA	NA	NA	NA
75	12	38680572	118811805	0.501178803743457	1	-0.357710668900002	1.75593701515835	1	1	1	NA	NA	NA	NA	NA	NA	NA	NA	NA	NA	NA	NA	NA	NA	NA	NA	NA	NA	NA	NA	NA	NA	NA	NA	NA	NA	NA	NA	NA	NA	NA	NA	NA	NA	NA	NA	NA	NA	NA	NA	NA	NA	NA	NA	NA	NA	NA	NA	NA	NA	NA	NA	NA	NA	NA	NA	NA
76	12	118812693	133841140	0.776638488431318	1.00003654178596e-293	-0.861705489420338	1.27698825335829	1	0	0.767782217300555	2	0	0.232217782699445	0.00690118545855128	0.00705694624640642	0.75350654038602	0.780953662764762	0	0	0.383891108650277	2	0	0.616108891349723	0.00345059272927598	0.00346244523523634	0.377129079412577	0.390674494200084	1	0	0.883891108650277	3	0	0.116108891349723	0.00345059272927606	0.0035455854409407	0.876793415897037	0.890403748099551	2	0	0.77918555522764	2	1	0.22081444477236	0.00286578150838929	0.00281493975777757	0.77390583475368	0.784661432342801	2	0	0.88959277761382	2	2	0.11040722238618	0.00143289075419445	0.00140746987888879	0.88695291737684	0.892330716171401	NA	NA	NA	NA	NA	NA	NA	NA	NA	NA
77	13	19449461	82395895	0.500459606081585	1	-0.422149594482091	1.63577227450567	1	1	1	NA	NA	NA	NA	NA	NA	NA	NA	NA	NA	NA	NA	NA	NA	NA	NA	NA	NA	NA	NA	NA	NA	NA	NA	NA	NA	NA	NA	NA	NA	NA	NA	NA	NA	NA	NA	NA	NA	NA	NA	NA	NA	NA	NA	NA	NA	NA	NA	NA	NA	NA	NA	NA	NA	NA	NA	NA
78	13	82397081	114991271	0.756067554713693	1	-1.08201854621018	1.08539815690291	1	0	1	NA	NA	NA	NA	NA	NA	NA	NA	NA	NA	NA	NA	NA	NA	NA	NA	NA	NA	NA	NA	NA	NA	NA	NA	NA	NA	NA	NA	NA	NA	NA	NA	NA	NA	NA	NA	NA	NA	NA	NA	NA	NA	NA	NA	NA	NA	NA	NA	NA	NA	NA	NA	NA	NA	NA	NA	NA
79	14	20425051	107288377	0.501546092009255	1	-0.361657944529114	1.74842087012801	1	1	1	NA	NA	NA	NA	NA	NA	NA	NA	NA	NA	NA	NA	NA	NA	NA	NA	NA	NA	NA	NA	NA	NA	NA	NA	NA	NA	NA	NA	NA	NA	NA	NA	NA	NA	NA	NA	NA	NA	NA	NA	NA	NA	NA	NA	NA	NA	NA	NA	NA	NA	NA	NA	NA	NA	NA	NA	NA
80	15	20010372	102429049	0.501299053388178	1	0.456650403646506	3.84250622465649	2	2	1	NA	NA	NA	NA	NA	NA	NA	NA	NA	NA	NA	NA	NA	NA	NA	NA	NA	NA	NA	NA	NA	NA	NA	NA	NA	NA	NA	NA	NA	NA	NA	NA	NA	NA	NA	NA	NA	NA	NA	NA	NA	NA	NA	NA	NA	NA	NA	NA	NA	NA	NA	NA	NA	NA	NA	NA	NA
81	16	83802	2380924	0.625062765894917	1	0.445712106265644	3.80596835804054	2	1	1	NA	NA	NA	NA	NA	NA	NA	NA	NA	NA	NA	NA	NA	NA	NA	NA	NA	NA	NA	NA	NA	NA	NA	NA	NA	NA	NA	NA	NA	NA	NA	NA	NA	NA	NA	NA	NA	NA	NA	NA	NA	NA	NA	NA	NA	NA	NA	NA	NA	NA	NA	NA	NA	NA	NA	NA	NA
82	16	2381777	3783149	0.857746833080865	7.43790646765945e-22	-0.0192527902968685	2.57235342142735	2	0	0.497943783313861	3	0	0.50205621668614	0.0445548628010371	0.0430793956144049	0.419077880419268	0.586596784474426	1	0	0.248971891656931	3	0	0.751028108343069	0.0222774314005185	0.0226281628707858	0.203243348265675	0.293684280017307	2	0	0.748971891656928	4	0	0.251028108343072	0.0222774314005186	0.0226281628707859	0.703243348265674	0.793684280017307	3	0	0.917418430016617	3	1	0.0825815699833828	0.00861451923667411	0.008749462224237	0.899587698032085	0.934253278103189	3	0	0.958709215008309	3	2	0.0412907849916914	0.00430725961833706	0.0043747311121185	0.949793849016043	0.967126639051594	NA	NA	NA	NA	NA	NA	NA	NA	NA	NA
83	16	3787293	35269134	0.624879648786507	1	0.254761637457891	3.21079590871159	2	1	1	NA	NA	NA	NA	NA	NA	NA	NA	NA	NA	NA	NA	NA	NA	NA	NA	NA	NA	NA	NA	NA	NA	NA	NA	NA	NA	NA	NA	NA	NA	NA	NA	NA	NA	NA	NA	NA	NA	NA	NA	NA	NA	NA	NA	NA	NA	NA	NA	NA	NA	NA	NA	NA	NA	NA	NA	NA
84	16	35272667	80929396	0.50039001523226	1	-0.315766999120509	1.83708664798382	1	1	1	NA	NA	NA	NA	NA	NA	NA	NA	NA	NA	NA	NA	NA	NA	NA	NA	NA	NA	NA	NA	NA	NA	NA	NA	NA	NA	NA	NA	NA	NA	NA	NA	NA	NA	NA	NA	NA	NA	NA	NA	NA	NA	NA	NA	NA	NA	NA	NA	NA	NA	NA	NA	NA	NA	NA	NA	NA
85	16	80948703	81962627	0.617471846703597	1	0.330996538429616	3.43901033063364	2	1	1	NA	NA	NA	NA	NA	NA	NA	NA	NA	NA	NA	NA	NA	NA	NA	NA	NA	NA	NA	NA	NA	NA	NA	NA	NA	NA	NA	NA	NA	NA	NA	NA	NA	NA	NA	NA	NA	NA	NA	NA	NA	NA	NA	NA	NA	NA	NA	NA	NA	NA	NA	NA	NA	NA	NA	NA	NA
86	16	81962833	89998794	0.501465426092891	1	-0.23150629655648	2.00741513562918	1	1	1	NA	NA	NA	NA	NA	NA	NA	NA	NA	NA	NA	NA	NA	NA	NA	NA	NA	NA	NA	NA	NA	NA	NA	NA	NA	NA	NA	NA	NA	NA	NA	NA	NA	NA	NA	NA	NA	NA	NA	NA	NA	NA	NA	NA	NA	NA	NA	NA	NA	NA	NA	NA	NA	NA	NA	NA	NA
87	17	1869	4047528	0.505487749891874	1	0.0315235415463012	2.60786848700588	1	1	1	NA	NA	NA	NA	NA	NA	NA	NA	NA	NA	NA	NA	NA	NA	NA	NA	NA	NA	NA	NA	NA	NA	NA	NA	NA	NA	NA	NA	NA	NA	NA	NA	NA	NA	NA	NA	NA	NA	NA	NA	NA	NA	NA	NA	NA	NA	NA	NA	NA	NA	NA	NA	NA	NA	NA	NA	NA
88	17	4050001	7585236	0.771685118117237	1.05678221464158e-24	-0.722653418153515	1.22769866429983	1	0	0.816100495516368	2	0	0.183899504483632	0.0193757214526747	0.019406870503094	0.777190265607173	0.853823299751693	0	0	0.408050247758184	2	0	0.591949752241816	0.00968786072633707	0.00970343525154697	0.388595132803586	0.426911649875847	1	0	0.908050247758185	3	0	0.0919497522418151	0.00968786072633732	0.0102433445391744	0.888286736560611	0.926324648115191	2	0	0.758544147264511	2	1	0.241455852735489	0.00851449862303649	0.00898217235092169	0.74207706003585	0.775480278991426	2	0	0.879272073632255	2	2	0.120727926367745	0.00425724931151844	0.00449108617546086	0.871038530017925	0.887740139495713	NA	NA	NA	NA	NA	NA	NA	NA	NA	NA
89	17	7587180	40745644	0.501450242322035	1	-0.197617447984054	2.07877443324463	1	1	1	NA	NA	NA	NA	NA	NA	NA	NA	NA	NA	NA	NA	NA	NA	NA	NA	NA	NA	NA	NA	NA	NA	NA	NA	NA	NA	NA	NA	NA	NA	NA	NA	NA	NA	NA	NA	NA	NA	NA	NA	NA	NA	NA	NA	NA	NA	NA	NA	NA	NA	NA	NA	NA	NA	NA	NA	NA
90	17	40754585	43244034	0.6230102506439	1	0.443318337334354	3.7980091836721	2	1	1	NA	NA	NA	NA	NA	NA	NA	NA	NA	NA	NA	NA	NA	NA	NA	NA	NA	NA	NA	NA	NA	NA	NA	NA	NA	NA	NA	NA	NA	NA	NA	NA	NA	NA	NA	NA	NA	NA	NA	NA	NA	NA	NA	NA	NA	NA	NA	NA	NA	NA	NA	NA	NA	NA	NA	NA	NA
91	17	43263774	45281257	0.505240205223745	1	0.62462457608073	4.43982919805095	2	2	1	NA	NA	NA	NA	NA	NA	NA	NA	NA	NA	NA	NA	NA	NA	NA	NA	NA	NA	NA	NA	NA	NA	NA	NA	NA	NA	NA	NA	NA	NA	NA	NA	NA	NA	NA	NA	NA	NA	NA	NA	NA	NA	NA	NA	NA	NA	NA	NA	NA	NA	NA	NA	NA	NA	NA	NA	NA
92	17	45285474	48232184	0.612780331005943	7.08310776032915e-07	0.356984637479053	3.51960479225962	2	1	0.919297541033742	2	2	0.0807024589662576	0.0165155746251953	0.0166651076222209	0.886297051245466	0.949716703147378	2	0	0.459648770516871	2	2	0.540351229483129	0.00825778731259766	0.00833255381111047	0.443148525622733	0.474858351573689	2	1	0.959648770516871	2	3	0.0403512294831289	0.00825778731259769	0.00833255381111047	0.943148525622733	0.974858351573689	3	1	0.287391375967386	3	2	0.712608624032613	0.0231285382507527	0.0233379454145936	0.2411772352134	0.329990605510861	3	0	0.143695687983693	3	2	0.856304312016307	0.0115642691253764	0.0116689727072968	0.1205886176067	0.164995302755431	3	1	0.643695687983693	3	3	0.356304312016307	0.0115642691253764	0.0116689727072968	0.6205886176067	0.664995302755431
93	17	48234425	62379266	0.500387798707972	1	0.509973756963675	4.0246468967511	2	2	1	NA	NA	NA	NA	NA	NA	NA	NA	NA	NA	NA	NA	NA	NA	NA	NA	NA	NA	NA	NA	NA	NA	NA	NA	NA	NA	NA	NA	NA	NA	NA	NA	NA	NA	NA	NA	NA	NA	NA	NA	NA	NA	NA	NA	NA	NA	NA	NA	NA	NA	NA	NA	NA	NA	NA	NA	NA
94	17	62381714	79999942	0.625398889696153	1	0.268082576046643	3.24980857139924	2	1	1	NA	NA	NA	NA	NA	NA	NA	NA	NA	NA	NA	NA	NA	NA	NA	NA	NA	NA	NA	NA	NA	NA	NA	NA	NA	NA	NA	NA	NA	NA	NA	NA	NA	NA	NA	NA	NA	NA	NA	NA	NA	NA	NA	NA	NA	NA	NA	NA	NA	NA	NA	NA	NA	NA	NA	NA	NA
95	18	125371	2263112	0.822601100758598	0.00103985050046189	-0.380432198952429	1.86561826913684	1	0	0.190751866431997	2	0	0.809248133568003	0.0544089339632558	0.0540147017580759	0.0697719861424411	0.288246245523736	0	0	0.0953759332159985	2	0	0.904624066784002	0.0272044669816279	0.0270073508790379	0.0348859930712205	0.144123122761868	1	0	0.595375933216	3	0	0.404624066784	0.0272044669816283	0.0270073508790379	0.534885993071222	0.64412312276187	2	0	0.958863207085338	2	1	0.0411367929146617	0.0126993653225279	0.0125621489910475	0.935090592454915	0.985627860539509	2	0	0.979431603542669	2	2	0.0205683964573307	0.00634968266126401	0.00628107449552375	0.967545296227457	0.992813930269755	NA	NA	NA	NA	NA	NA	NA	NA	NA	NA
96	18	2263130	2273700	0.546168927259502	0.480014386750558	-0.432809469223076	1.61640617067251	1	1	1	NA	NA	NA	NA	NA	NA	NA	NA	NA	NA	NA	NA	NA	NA	NA	NA	NA	NA	NA	NA	NA	NA	NA	NA	NA	NA	NA	NA	NA	NA	NA	NA	NA	NA	NA	NA	NA	NA	NA	NA	NA	NA	NA	NA	NA	NA	NA	NA	NA	NA	NA	NA	NA	NA	NA	NA	NA
97	18	2274420	5014748	0.814332924431511	1.07222499213511e-09	-0.341572671169578	1.78688074153079	1	0	0.315627333490728	2	0	0.684372666509272	0.0461692174925203	0.0444798374576459	0.223982099183323	0.399456591245541	0	0	0.157813666745364	2	0	0.842186333254636	0.0230846087462601	0.022239918728823	0.111991049591661	0.199728295622771	1	0	0.657813666745364	3	0	0.342186333254636	0.0230846087462606	0.0222399187288229	0.611991049591664	0.699728295622773	2	0	0.928037290129693	2	1	0.0719627098703072	0.0120459334272033	0.0115911602792785	0.905233852970487	0.950335361242004	2	0	0.964018645064846	2	2	0.0359813549351536	0.00602296671360175	0.00579558013963924	0.952616926485244	0.975167680621002	NA	NA	NA	NA	NA	NA	NA	NA	NA	NA
98	18	5015068	5020325	0.776482666952789	0.00013137916353399	-0.375687476399945	1.72187257267226	1	0	0.769334822325437	2	0	0.230665177674563	0.869714942344212	0.0691263859415478	2.18353518445224	2.42398988885472	0	0	0.384667411162719	2	0	0.615332588837281	0.434857471172106	0.0345631929707739	1.09176759222612	1.21199494442736	1	0	0.88466741116272	3	0	0.11533258883728	0.434857471172105	0.0345631929707739	1.59176759222612	1.71199494442736	2	0	0.778540236601331	2	1	0.221459763398669	0.322054561845909	3.79337187103917	-15.4346385275536	-2.46015542736888	2	0	0.889270118300666	2	2	0.110729881699334	0.161027280922954	1.89668593551959	-7.21731926377683	-0.73007771368444	NA	NA	NA	NA	NA	NA	NA	NA	NA	NA
99	18	5021067	6023233	0.815076780767537	0.000628960315013704	-0.482478717601149	1.74922661203862	1	0	0.304849885447772	2	0	0.695150114552228	0.079898139209278	0.0791630661259103	0.137642884478403	0.4498554946158	0	0	0.152424942723886	2	0	0.847575057276114	0.039949069604639	0.039936157463614	0.075453420236444	0.225740818414607	1	0	0.652424942723887	3	0	0.347575057276113	0.039949069604639	0.0399361574636139	0.575453420236446	0.725740818414608	2	0	0.930836181903546	2	1	0.0691638180964544	0.0206302232026189	0.0207210861440926	0.889433231378197	0.967502792918583	2	0	0.965418090951773	2	2	0.0345819090482274	0.0103151116013094	0.0103605430720463	0.944716615689099	0.983751396459291	NA	NA	NA	NA	NA	NA	NA	NA	NA	NA
100	18	6023616	6326022	0.71417289261321	0.0472195382491402	-0.420970551497312	1.63792307809185	1	0	0.898141411483587	1	1	0.101858588516413	0.0537266242454116	0.0548055231308615	0.787529934208305	0.998739832683401	1	0	0.949070705741794	1	2	0.0509292942582065	0.0268633121227057	0.0274027615654308	0.893764967104153	0.9993699163417	2	0	0.497920246072327	2	1	0.502079753927673	0.0896052639164973	0.0914046514776509	0.313442424272612	0.665698292949376	2	0	0.748960123036163	2	2	0.251039876963837	0.0448026319582487	0.0457023257388254	0.656721212136306	0.832849146474688	NA	NA	NA	NA	NA	NA	NA	NA	NA	NA	NA	NA	NA	NA	NA	NA	NA	NA	NA	NA
101	18	6326319	11313971	0.818721766640107	4.74636486098437e-10	-0.358231947331759	1.75494325178691	1	0	0.250760511170955	2	0	0.749239488829045	0.0368236226389301	0.0380186538618483	0.17610701725608	0.326088966879895	0	0	0.125380255585477	2	0	0.874619744414523	0.0184118113194651	0.0190093269309241	0.0880535086280398	0.163044483439947	1	0	0.625380255585479	3	0	0.374619744414521	0.0184118113194646	0.0190093269309241	0.588053508628041	0.663044483439949	2	0	0.944477569409149	2	1	0.0555224305908513	0.00906181413843576	0.00927904097529581	0.926354871239708	0.962366653044587	2	0	0.972238784704575	2	2	0.0277612152954254	0.00453090706921777	0.0046395204876479	0.963177435619854	0.981183326522293	NA	NA	NA	NA	NA	NA	NA	NA	NA	NA
102	18	11316208	11357259	0.560048371711107	0.264902555369911	-0.429123609944947	1.62308619956805	1	1	1	NA	NA	NA	NA	NA	NA	NA	NA	NA	NA	NA	NA	NA	NA	NA	NA	NA	NA	NA	NA	NA	NA	NA	NA	NA	NA	NA	NA	NA	NA	NA	NA	NA	NA	NA	NA	NA	NA	NA	NA	NA	NA	NA	NA	NA	NA	NA	NA	NA	NA	NA	NA	NA	NA	NA	NA	NA
103	18	11360237	11842199	0.798186696187775	0.000114510687107794	-0.385682661055769	1.70311539923738	1	0	0.529985291730863	2	0	0.470014708269137	0.11239633742827	0.110630375455721	0.289651532694986	0.73319986577802	0	0	0.264992645865432	2	0	0.735007354134568	0.0561981687141347	0.0553151877278607	0.144825766347493	0.36659993288901	1	0	0.764992645865432	3	0	0.235007354134568	0.0561981687141343	0.0553151877278606	0.644825766347494	0.866599932889012	2	0	0.865998665215877	2	1	0.134001334784123	0.0360034751604025	0.0355482123147673	0.7928243638314	0.933414038623557	2	0	0.932999332607938	2	2	0.0670006673920616	0.0180017375802014	0.0177741061573837	0.8964121819157	0.966707019311778	NA	NA	NA	NA	NA	NA	NA	NA	NA	NA
104	18	11842319	11865194	0.569405888680194	0.366665314861425	-0.114305044445024	2.26149789834249	2	1	1	NA	NA	NA	NA	NA	NA	NA	NA	NA	NA	NA	NA	NA	NA	NA	NA	NA	NA	NA	NA	NA	NA	NA	NA	NA	NA	NA	NA	NA	NA	NA	NA	NA	NA	NA	NA	NA	NA	NA	NA	NA	NA	NA	NA	NA	NA	NA	NA	NA	NA	NA	NA	NA	NA	NA	NA	NA
105	18	11865303	28017046	0.828535940739745	1	-0.36148412859893	1.96462892846367	2	0	1	NA	NA	NA	NA	NA	NA	NA	NA	NA	NA	NA	NA	NA	NA	NA	NA	NA	NA	NA	NA	NA	NA	NA	NA	NA	NA	NA	NA	NA	NA	NA	NA	NA	NA	NA	NA	NA	NA	NA	NA	NA	NA	NA	NA	NA	NA	NA	NA	NA	NA	NA	NA	NA	NA	NA	NA	NA
106	18	28018754	30420594	0.798832216162315	1.27372200666401e-13	-0.41501077433361	1.64882180903518	1	0	0.522075688928017	2	0	0.477924311071983	0.0577600608982866	0.0585879051747237	0.41455897492159	0.636648571529915	0	0	0.261037844464009	2	0	0.738962155535991	0.0288800304491433	0.0292939525873619	0.207279487460795	0.318324285764957	1	0	0.761037844464009	3	0	0.238962155535991	0.0288800304491437	0.0292939525873618	0.707279487460795	0.818324285764959	2	0	0.868527073380023	2	1	0.131472926619977	0.0183804424776427	0.0187723311898826	0.82967746856048	0.900870610731494	2	0	0.934263536690011	2	2	0.0657364633099885	0.00919022123882141	0.00924151229636088	0.916764290953329	0.951941118486643	NA	NA	NA	NA	NA	NA	NA	NA	NA	NA
107	18	30420708	30569089	0.614822744836941	0.0013494890902948	-0.51607795248311	1.4699551259889	1	0	0.559321585324652	1	1	0.440678414675348	0.138285238512121	0.144812836164183	0.237925238407188	0.803068860323312	1	0	0.779660792662326	1	2	0.220339207337674	0.0691426192560603	0.0724064180820916	0.618962619203594	0.901534430161656	1	1	0.107206804850733	2	1	0.892793195149267	0.354095075291393	0.368441997975935	-0.757277013752078	0.716098814197089	0	1	0.0536034024253663	2	1	0.946396597574634	0.177047537645696	0.184220998987968	-0.378638506876039	0.358049407098544	1	1	0.553603402425367	3	1	0.446396597574633	0.177047537645696	0.179580216425633	0.159078086815077	0.851849375983816	NA	NA	NA	NA	NA	NA	NA	NA	NA	NA
108	18	30569967	32120388	0.805504654677047	3.8235478612926e-07	-0.523862562036364	1.61417346336519	1	0	0.437241648823722	2	0	0.562758351176278	0.0731577749283747	0.0719779576167851	0.294765611346556	0.573984754235549	0	0	0.218620824411861	2	0	0.781379175588139	0.0365788874641874	0.0359889788083925	0.147382805673278	0.286992377117775	1	0	0.718620824411862	3	0	0.281379175588138	0.0365788874641877	0.0359889788083925	0.647382805673279	0.786992377117776	2	0	0.8944246132114	2	1	0.1055753867886	0.0213970028595418	0.0209942676412996	0.851720046602097	0.932668252807118	2	0	0.9472123066057	2	2	0.0527876933943002	0.0106985014297708	0.0104971338206498	0.925860023301049	0.966334126403559	NA	NA	NA	NA	NA	NA	NA	NA	NA	NA
109	18	32123262	32206827	0.501012255452331	1	-0.462101989291578	1.5639205994676	1	1	1	NA	NA	NA	NA	NA	NA	NA	NA	NA	NA	NA	NA	NA	NA	NA	NA	NA	NA	NA	NA	NA	NA	NA	NA	NA	NA	NA	NA	NA	NA	NA	NA	NA	NA	NA	NA	NA	NA	NA	NA	NA	NA	NA	NA	NA	NA	NA	NA	NA	NA	NA	NA	NA	NA	NA	NA	NA
110	18	32207199	33371854	0.794555939374795	1.48127213177316e-07	-0.417258466724642	1.64470613240793	1	0	0.573547209600217	2	0	0.426452790399783	0.0875181455421621	0.0881908769859052	0.399179209165709	0.731376364486065	0	0	0.286773604800108	2	0	0.713226395199892	0.0437590727710809	0.0440954384929526	0.199589604582854	0.365688182243032	1	0	0.786773604800109	3	0	0.213226395199891	0.0437590727710818	0.0440954384929525	0.699589604582856	0.865688182243033	2	0	0.851700979300159	2	1	0.148299020699841	0.0293394691353285	0.0295465363785041	0.793617173161155	0.905323281646653	2	0	0.92585048965008	2	2	0.0741495103499203	0.0146697345676643	0.014773268189252	0.896808586580577	0.952661640823326	NA	NA	NA	NA	NA	NA	NA	NA	NA	NA
111	18	33371985	33381348	0.704750759774834	0.000508933432357831	-0.241838971559845	1.98598911769919	1	0	0.870108778345917	1	1	0.129891221654083	0.264128374688646	1.62211824138415	-6.56276331622679	-0.429032062436252	1	0	0.935054389172958	1	2	0.0649456108270416	0.132064187344323	0.811059120692074	-2.7813816581134	0.285483968781874	2	0	0.45116742052532	2	1	0.54883257947468	0.440513303305723	2.70536880298048	-11.945376658803	-1.71553967373118	2	0	0.72558371026266	2	2	0.27441628973734	0.220256651652862	1.35268440149024	-5.47268832940152	-0.357769836865591	NA	NA	NA	NA	NA	NA	NA	NA	NA	NA	NA	NA	NA	NA	NA	NA	NA	NA	NA	NA
112	18	33382041	35714550	0.822557482947361	0.00453564632209987	-0.398646454465754	1.86491511227511	1	0	0.191441166739088	2	0	0.808558833260912	0.0630810544551498	0.062029328077418	0.059447158114906	0.30812307878164	0	0	0.0957205833695441	2	0	0.904279416630456	0.0315405272275748	0.031014664038709	0.029723579057453	0.15406153939082	1	0	0.595720583369544	3	0	0.404279416630456	0.0315405272275753	0.031014664038709	0.529723579057454	0.654061539390821	2	0	0.958702214498179	2	1	0.0412977855018208	0.0147304717487037	0.0144853465989479	0.929894728335461	0.987544785949622	2	0	0.97935110724909	2	2	0.0206488927509102	0.00736523587435201	0.00724267329947394	0.964947364167731	0.993772392974811	NA	NA	NA	NA	NA	NA	NA	NA	NA	NA
113	18	35714664	36081958	0.740505551646163	0.426824152213609	-0.544489464005353	1.4218885282354	1	0	1	NA	NA	NA	NA	NA	NA	NA	NA	NA	NA	NA	NA	NA	NA	NA	NA	NA	NA	NA	NA	NA	NA	NA	NA	NA	NA	NA	NA	NA	NA	NA	NA	NA	NA	NA	NA	NA	NA	NA	NA	NA	NA	NA	NA	NA	NA	NA	NA	NA	NA	NA	NA	NA	NA	NA	NA	NA
114	18	36082516	48574258	0.825874727050935	1	-0.436029464547093	1.91939734434591	2	0	1	NA	NA	NA	NA	NA	NA	NA	NA	NA	NA	NA	NA	NA	NA	NA	NA	NA	NA	NA	NA	NA	NA	NA	NA	NA	NA	NA	NA	NA	NA	NA	NA	NA	NA	NA	NA	NA	NA	NA	NA	NA	NA	NA	NA	NA	NA	NA	NA	NA	NA	NA	NA	NA	NA	NA	NA	NA
115	18	48580042	48633216	0.500725210300681	1	-0.276139991249512	1.91595220630454	1	1	1	NA	NA	NA	NA	NA	NA	NA	NA	NA	NA	NA	NA	NA	NA	NA	NA	NA	NA	NA	NA	NA	NA	NA	NA	NA	NA	NA	NA	NA	NA	NA	NA	NA	NA	NA	NA	NA	NA	NA	NA	NA	NA	NA	NA	NA	NA	NA	NA	NA	NA	NA	NA	NA	NA	NA	NA	NA
116	18	48633622	49622396	0.789751225977816	2.53742194631109e-06	-0.423930669022575	1.63252657968553	1	0	0.628881409911832	2	0	0.371118590088168	0.092909861534812	0.0935378710169063	0.443197501338338	0.802430858477332	0	0	0.314440704955916	2	0	0.685559295044084	0.0464549307674061	0.0467689355084532	0.221598750669169	0.401215429238666	1	0	0.814440704955917	3	0	0.185559295044083	0.0464549307674051	0.0467689355084531	0.72159875066917	0.901215429238667	2	0	0.832578233385333	2	1	0.167421766614667	0.0330119867800506	0.0331531439578576	0.764207090777901	0.891554220616559	2	0	0.916289116692666	2	2	0.0837108833073338	0.0165059933900252	0.0165765719789288	0.882103545388951	0.945777110308279	NA	NA	NA	NA	NA	NA	NA	NA	NA	NA
117	18	49623878	56101290	0.835731349537011	1	-0.423984978075482	2.09426463622611	2	0	1	NA	NA	NA	NA	NA	NA	NA	NA	NA	NA	NA	NA	NA	NA	NA	NA	NA	NA	NA	NA	NA	NA	NA	NA	NA	NA	NA	NA	NA	NA	NA	NA	NA	NA	NA	NA	NA	NA	NA	NA	NA	NA	NA	NA	NA	NA	NA	NA	NA	NA	NA	NA	NA	NA	NA	NA	NA
118	18	56101799	56123596	0.60300150284047	0.272950129303368	-0.269961079462156	1.92844585395653	1	1	1	NA	NA	NA	NA	NA	NA	NA	NA	NA	NA	NA	NA	NA	NA	NA	NA	NA	NA	NA	NA	NA	NA	NA	NA	NA	NA	NA	NA	NA	NA	NA	NA	NA	NA	NA	NA	NA	NA	NA	NA	NA	NA	NA	NA	NA	NA	NA	NA	NA	NA	NA	NA	NA	NA	NA	NA	NA
119	18	56123677	59543978	0.832113114608772	1	-0.378797927805261	2.02768793682112	2	0	1	NA	NA	NA	NA	NA	NA	NA	NA	NA	NA	NA	NA	NA	NA	NA	NA	NA	NA	NA	NA	NA	NA	NA	NA	NA	NA	NA	NA	NA	NA	NA	NA	NA	NA	NA	NA	NA	NA	NA	NA	NA	NA	NA	NA	NA	NA	NA	NA	NA	NA	NA	NA	NA	NA	NA	NA	NA
120	18	59544525	59571451	0.57384148173575	0.490063853512658	-0.331347906113743	1.8066660550029	1	1	1	NA	NA	NA	NA	NA	NA	NA	NA	NA	NA	NA	NA	NA	NA	NA	NA	NA	NA	NA	NA	NA	NA	NA	NA	NA	NA	NA	NA	NA	NA	NA	NA	NA	NA	NA	NA	NA	NA	NA	NA	NA	NA	NA	NA	NA	NA	NA	NA	NA	NA	NA	NA	NA	NA	NA	NA	NA
121	18	59571982	65025296	0.845373406089854	1.74872998673021e-18	-0.473822251017271	2.28689633576158	2	0	0.777775592573148	3	0	0.222224407426852	0.0271109137346843	0.0277623609168398	0.723531479143144	0.830260990139063	1	0	0.388887796286574	3	0	0.611112203713426	0.0135554568673422	0.0135692827769973	0.36378078560975	0.416163765195586	2	0	0.888887796286573	4	0	0.111112203713427	0.0135554568673422	0.0135692827769973	0.86378078560975	0.916163765195587	3	0	0.857737669721244	3	1	0.142262330278756	0.00637652993359722	0.00639395651922449	0.844602820315476	0.869080224951023	3	0	0.928868834860622	3	2	0.0711311651393779	0.00318826496679858	0.00319697825961224	0.922301410157738	0.934540112475512	NA	NA	NA	NA	NA	NA	NA	NA	NA	NA
122	18	65025641	65031539	0.734386692770689	0.0129246122430479	-0.533661917002494	1.44009502852451	1	0	0.955854377227922	1	1	0.0441456227720781	0.36775699571877	3.0761759130677	-9.78654884641179	0.141258749347729	1	0	0.977927188613961	1	2	0.022072811386039	0.183878497859385	1.53808795653385	-4.3932744232059	0.570629374673865	2	0	0.594173930340728	2	1	0.405826069659272	0.613345117459765	5.13044618781431	-17.3220061660456	-0.764408657837856	2	0	0.797086965170364	2	2	0.202913034829636	0.306672558729883	2.56522309390715	-8.16100308302279	0.117795671081072	NA	NA	NA	NA	NA	NA	NA	NA	NA	NA	NA	NA	NA	NA	NA	NA	NA	NA	NA	NA
123	18	65031606	67790696	0.838878355755404	1	-0.508435853858012	2.15460195219419	2	0	1	NA	NA	NA	NA	NA	NA	NA	NA	NA	NA	NA	NA	NA	NA	NA	NA	NA	NA	NA	NA	NA	NA	NA	NA	NA	NA	NA	NA	NA	NA	NA	NA	NA	NA	NA	NA	NA	NA	NA	NA	NA	NA	NA	NA	NA	NA	NA	NA	NA	NA	NA	NA	NA	NA	NA	NA	NA
124	18	67791394	67815947	0.509308265900156	1	-0.522345233684611	1.45927061654662	1	1	1	NA	NA	NA	NA	NA	NA	NA	NA	NA	NA	NA	NA	NA	NA	NA	NA	NA	NA	NA	NA	NA	NA	NA	NA	NA	NA	NA	NA	NA	NA	NA	NA	NA	NA	NA	NA	NA	NA	NA	NA	NA	NA	NA	NA	NA	NA	NA	NA	NA	NA	NA	NA	NA	NA	NA	NA	NA
125	18	67818242	78009358	0.842183301832681	1	-0.43265170574401	2.22055798123554	2	0	1	NA	NA	NA	NA	NA	NA	NA	NA	NA	NA	NA	NA	NA	NA	NA	NA	NA	NA	NA	NA	NA	NA	NA	NA	NA	NA	NA	NA	NA	NA	NA	NA	NA	NA	NA	NA	NA	NA	NA	NA	NA	NA	NA	NA	NA	NA	NA	NA	NA	NA	NA	NA	NA	NA	NA	NA	NA
126	19	108032	16654444	0.504060182259361	1	0.9171323302667	5.66138093986418	3	3	1	NA	NA	NA	NA	NA	NA	NA	NA	NA	NA	NA	NA	NA	NA	NA	NA	NA	NA	NA	NA	NA	NA	NA	NA	NA	NA	NA	NA	NA	NA	NA	NA	NA	NA	NA	NA	NA	NA	NA	NA	NA	NA	NA	NA	NA	NA	NA	NA	NA	NA	NA	NA	NA	NA	NA	NA	NA
127	19	16658294	42475602	0.629048387410405	1	0.336471172148469	3.45586780693157	2	1	1	NA	NA	NA	NA	NA	NA	NA	NA	NA	NA	NA	NA	NA	NA	NA	NA	NA	NA	NA	NA	NA	NA	NA	NA	NA	NA	NA	NA	NA	NA	NA	NA	NA	NA	NA	NA	NA	NA	NA	NA	NA	NA	NA	NA	NA	NA	NA	NA	NA	NA	NA	NA	NA	NA	NA	NA	NA
128	19	42487737	59097308	0.503439332939485	1	-0.0115798512715935	2.50182041881524	1	1	1	NA	NA	NA	NA	NA	NA	NA	NA	NA	NA	NA	NA	NA	NA	NA	NA	NA	NA	NA	NA	NA	NA	NA	NA	NA	NA	NA	NA	NA	NA	NA	NA	NA	NA	NA	NA	NA	NA	NA	NA	NA	NA	NA	NA	NA	NA	NA	NA	NA	NA	NA	NA	NA	NA	NA	NA	NA
129	20	20000035	22739884	0.851169512385662	2.56464889072245e-19	-0.417421214109326	2.41470409124993	2	0	0.652486443164721	3	0	0.347513556835279	0.0426255042673978	0.0419855255327826	0.569370878902274	0.736576185816484	1	0	0.326243221582361	3	0	0.673756778417639	0.0213127521336989	0.0209927627663913	0.284685439451138	0.368288092908242	2	0	0.82624322158236	4	0	0.17375677841764	0.021312752133699	0.0209927627663914	0.784685439451137	0.868288092908241	3	0	0.885910063641999	3	1	0.114089936358001	0.00916118393410692	0.00903791216341417	0.867108295994455	0.903214619039881	3	0	0.942955031821	3	2	0.0570449681790004	0.00458059196705352	0.00451895608170709	0.933554147997228	0.95160730951994	NA	NA	NA	NA	NA	NA	NA	NA	NA	NA
130	20	22754224	23014447	0.580389363325725	0.240515470849469	-0.4503036593525	1.58493245185724	1	1	1	NA	NA	NA	NA	NA	NA	NA	NA	NA	NA	NA	NA	NA	NA	NA	NA	NA	NA	NA	NA	NA	NA	NA	NA	NA	NA	NA	NA	NA	NA	NA	NA	NA	NA	NA	NA	NA	NA	NA	NA	NA	NA	NA	NA	NA	NA	NA	NA	NA	NA	NA	NA	NA	NA	NA	NA	NA
131	20	23014503	35054341	0.857054685066096	4.59422061943499e-90	-0.199990950340366	2.55508056875849	2	0	0.514876253573356	3	0	0.485123746426644	0.0218776779756885	0.0220604828330245	0.471857629688388	0.560372065702521	1	0	0.257438126786678	3	0	0.742561873213322	0.0109388389878442	0.0110302414165123	0.235928814844195	0.280186032851261	2	0	0.757438126786676	4	0	0.242561873213324	0.0109388389878437	0.0110302414165123	0.735928814844192	0.78018603285126	3	0	0.914125493388609	3	1	0.0858745066113911	0.00427864410253342	0.00432055188705632	0.905076586931597	0.922413949041218	3	0	0.957062746694304	3	2	0.0429372533056955	0.00213932205126671	0.00218060302794739	0.952682365373828	0.961294668620188	NA	NA	NA	NA	NA	NA	NA	NA	NA	NA
132	20	35071493	35111066	0.695751767370439	0.203618113513003	0.0494324194475255	2.65287025521982	2	1	1	NA	NA	NA	NA	NA	NA	NA	NA	NA	NA	NA	NA	NA	NA	NA	NA	NA	NA	NA	NA	NA	NA	NA	NA	NA	NA	NA	NA	NA	NA	NA	NA	NA	NA	NA	NA	NA	NA	NA	NA	NA	NA	NA	NA	NA	NA	NA	NA	NA	NA	NA	NA	NA	NA	NA	NA	NA
133	20	35111339	36467084	0.790376178986189	4.24033327730647e-08	-0.0595544570484079	2.38745414476845	2	0	0.835078698307203	2	1	0.164921301692797	0.0314433128577409	0.0317507250709569	0.77110976517353	0.892500730399424	2	0	0.917539349153601	2	2	0.0824606508463986	0.0157216564288702	0.0158753625354784	0.885554882586765	0.946250365199712	3	0	0.569858380960727	3	1	0.430141619039273	0.0440334581547786	0.0444639605922334	0.480275792984348	0.650272638158587	3	0	0.784929190480363	3	2	0.215070809519637	0.0220167290773893	0.0222319802961167	0.740137896492174	0.825136319079294	NA	NA	NA	NA	NA	NA	NA	NA	NA	NA	NA	NA	NA	NA	NA	NA	NA	NA	NA	NA
134	20	36471306	36477332	0.698167966664187	0.0319220714952947	-0.331763159324971	1.80585978933224	1	0	0.850074748342716	1	1	0.149925251657284	0.444206554210702	2.4543068927729	-8.07792415587824	0.378900489073092	1	0	0.925037374171358	1	2	0.0749626258286423	0.222103277105351	1.22715344638645	-3.53896207793912	0.689450244536546	2	0	0.417754665285981	2	1	0.582245334714019	0.740847691112609	4.09329303576665	-14.4723619071738	-0.368069764323898	2	0	0.70887733264299	2	2	0.29112266735701	0.370423845556304	2.04664651788333	-6.73618095358687	0.315965117838051	NA	NA	NA	NA	NA	NA	NA	NA	NA	NA	NA	NA	NA	NA	NA	NA	NA	NA	NA	NA
135	20	36482773	45175354	0.837243709084804	1	-0.314471809258922	2.12296976765873	2	0	1	NA	NA	NA	NA	NA	NA	NA	NA	NA	NA	NA	NA	NA	NA	NA	NA	NA	NA	NA	NA	NA	NA	NA	NA	NA	NA	NA	NA	NA	NA	NA	NA	NA	NA	NA	NA	NA	NA	NA	NA	NA	NA	NA	NA	NA	NA	NA	NA	NA	NA	NA	NA	NA	NA	NA	NA	NA
136	20	45175518	45177898	0.742208254019715	1	-0.276177857851047	1.91587580556931	1	0	1	NA	NA	NA	NA	NA	NA	NA	NA	NA	NA	NA	NA	NA	NA	NA	NA	NA	NA	NA	NA	NA	NA	NA	NA	NA	NA	NA	NA	NA	NA	NA	NA	NA	NA	NA	NA	NA	NA	NA	NA	NA	NA	NA	NA	NA	NA	NA	NA	NA	NA	NA	NA	NA	NA	NA	NA	NA
137	20	45178703	45549052	0.824629281045471	1	-0.328138663594599	1.89870055535184	2	0	1	NA	NA	NA	NA	NA	NA	NA	NA	NA	NA	NA	NA	NA	NA	NA	NA	NA	NA	NA	NA	NA	NA	NA	NA	NA	NA	NA	NA	NA	NA	NA	NA	NA	NA	NA	NA	NA	NA	NA	NA	NA	NA	NA	NA	NA	NA	NA	NA	NA	NA	NA	NA	NA	NA	NA	NA	NA
138	20	45549871	45582472	0.523595732092476	0.758228677835909	-0.391353074282407	1.69253181466384	1	1	1	NA	NA	NA	NA	NA	NA	NA	NA	NA	NA	NA	NA	NA	NA	NA	NA	NA	NA	NA	NA	NA	NA	NA	NA	NA	NA	NA	NA	NA	NA	NA	NA	NA	NA	NA	NA	NA	NA	NA	NA	NA	NA	NA	NA	NA	NA	NA	NA	NA	NA	NA	NA	NA	NA	NA	NA	NA
139	20	45583535	46977986	0.814741308880652	0.0002691615283133	-0.173349890383469	2.13091411418314	2	0	0.929574541965821	2	1	0.0704254580341792	0.0197274840839879	0.0194676362618584	0.890820827682783	0.967923555769438	2	0	0.96478727098291	2	2	0.0352127290170896	0.00986374204199419	0.00989687495156107	0.944851540430355	0.983419213230308	3	0	0.702191090187894	3	1	0.297808909812106	0.0276265210616153	0.0277193202264852	0.646354788139028	0.754375721814013	3	0	0.851095545093947	3	2	0.148904454906053	0.0138132605308077	0.0138596601132426	0.823177394069514	0.877187860907007	NA	NA	NA	NA	NA	NA	NA	NA	NA	NA	NA	NA	NA	NA	NA	NA	NA	NA	NA	NA
140	20	46978045	46994951	0.540453282090445	0.460151382871813	-0.396989470485877	1.68205286530251	1	1	1	NA	NA	NA	NA	NA	NA	NA	NA	NA	NA	NA	NA	NA	NA	NA	NA	NA	NA	NA	NA	NA	NA	NA	NA	NA	NA	NA	NA	NA	NA	NA	NA	NA	NA	NA	NA	NA	NA	NA	NA	NA	NA	NA	NA	NA	NA	NA	NA	NA	NA	NA	NA	NA	NA	NA	NA	NA
141	20	46995035	50839521	0.831346844756599	1	-0.110908816562395	2.26917278883975	2	0	1	NA	NA	NA	NA	NA	NA	NA	NA	NA	NA	NA	NA	NA	NA	NA	NA	NA	NA	NA	NA	NA	NA	NA	NA	NA	NA	NA	NA	NA	NA	NA	NA	NA	NA	NA	NA	NA	NA	NA	NA	NA	NA	NA	NA	NA	NA	NA	NA	NA	NA	NA	NA	NA	NA	NA	NA	NA
142	20	50840017	51045250	0.706015457678905	0.0629994109645964	-0.384307623906909	1.70568812022885	1	0	1	NA	NA	NA	NA	NA	NA	NA	NA	NA	NA	NA	NA	NA	NA	NA	NA	NA	NA	NA	NA	NA	NA	NA	NA	NA	NA	NA	NA	NA	NA	NA	NA	NA	NA	NA	NA	NA	NA	NA	NA	NA	NA	NA	NA	NA	NA	NA	NA	NA	NA	NA	NA	NA	NA	NA	NA	NA
143	20	51045906	51296162	0.838120985069183	1	-0.434997877127567	2.13986658324555	2	0	1	NA	NA	NA	NA	NA	NA	NA	NA	NA	NA	NA	NA	NA	NA	NA	NA	NA	NA	NA	NA	NA	NA	NA	NA	NA	NA	NA	NA	NA	NA	NA	NA	NA	NA	NA	NA	NA	NA	NA	NA	NA	NA	NA	NA	NA	NA	NA	NA	NA	NA	NA	NA	NA	NA	NA	NA	NA
144	20	51297780	51306243	0.644309917621058	0.0125339466161936	-0.361230091343751	1.74923456692842	1	0	0.670787472778136	1	1	0.329212527221864	0.442351956914746	1.62918000167586	-5.77260553367981	0.329142588462292	1	0	0.835393736389068	1	2	0.164606263610932	0.221175978457373	0.814590000837929	-2.3863027668399	0.664571294231146	2	0	0.118739347099375	2	1	0.881260652900625	0.737754593742413	2.717146406795	-10.6275515090712	-0.451055990962589	2	0	0.559369673549687	2	2	0.440630326450313	0.368877296871207	1.3585732033975	-4.81377575453559	0.274472004518705	NA	NA	NA	NA	NA	NA	NA	NA	NA	NA	NA	NA	NA	NA	NA	NA	NA	NA	NA	NA
145	20	51306262	54579459	0.815565524101463	2.67598382602492e-08	-0.376075488201138	1.72114199454936	1	0	0.297721346788054	2	0	0.702278653211946	0.0480901604345211	0.0476060868954805	0.204567594857477	0.391985628934625	0	0	0.148860673394027	2	0	0.851139326605973	0.0240450802172604	0.0238030434477402	0.102283797428739	0.195992814467312	1	0	0.648860673394028	3	0	0.351139326605972	0.02404508021726	0.0238030434477402	0.602283797428739	0.695992814467314	2	0	0.932672386293968	2	1	0.0673276137060325	0.0123434374715445	0.0122407556153216	0.907374099576181	0.955500992666806	2	0	0.966336193146984	2	2	0.0336638068530163	0.00617171873577244	0.00597459290643802	0.954287922102552	0.977499115016932	NA	NA	NA	NA	NA	NA	NA	NA	NA	NA
146	20	54582326	54597191	0.618729545335736	0.291723028601403	-0.413773609410802	1.65108987906446	1	1	1	NA	NA	NA	NA	NA	NA	NA	NA	NA	NA	NA	NA	NA	NA	NA	NA	NA	NA	NA	NA	NA	NA	NA	NA	NA	NA	NA	NA	NA	NA	NA	NA	NA	NA	NA	NA	NA	NA	NA	NA	NA	NA	NA	NA	NA	NA	NA	NA	NA	NA	NA	NA	NA	NA	NA	NA	NA
147	20	54598722	59680224	0.812932927471007	4.02638674371705e-15	-0.353171233050669	1.7646061748396	1	0	0.335678888562061	2	0	0.664321111437939	0.037826776188343	0.0391185833261201	0.25696932030081	0.412726786256577	0	0	0.16783944428103	2	0	0.83216055571897	0.0189133880941714	0.0195592916630601	0.128484660150405	0.206363393128288	1	0	0.667839444281031	3	0	0.332160555718969	0.0189133880941719	0.01955929166306	0.628484660150405	0.70636339312829	2	0	0.922755660558072	2	1	0.077244339441928	0.0100541588660446	0.0104081893878815	0.901461784007107	0.942793570801186	2	0	0.961377830279036	2	2	0.038622169720964	0.00502707943302244	0.00520409469394073	0.950730892003554	0.971396785400593	NA	NA	NA	NA	NA	NA	NA	NA	NA	NA
148	20	59680602	59685407	0.623654904309054	0.425479752696745	-0.421704022091137	1.63658487854613	1	1	1	NA	NA	NA	NA	NA	NA	NA	NA	NA	NA	NA	NA	NA	NA	NA	NA	NA	NA	NA	NA	NA	NA	NA	NA	NA	NA	NA	NA	NA	NA	NA	NA	NA	NA	NA	NA	NA	NA	NA	NA	NA	NA	NA	NA	NA	NA	NA	NA	NA	NA	NA	NA	NA	NA	NA	NA	NA
149	20	59690347	62954601	0.844805262256643	3.0106980091831e-08	-0.181384999308783	2.27488215735208	2	0	0.789553017096537	3	0	0.210446982903463	0.040556965121451	0.039783008134543	0.709916311633068	0.865774595362782	1	0	0.394776508548269	3	0	0.605223491451731	0.0202784825607255	0.0198915040672715	0.354958155816534	0.432887297681392	2	0	0.89477650854827	4	0	0.10522349145173	0.0202784825607266	0.0198915040672715	0.854958155816534	0.932887297681392	3	0	0.854955362025729	3	1	0.145044637974271	0.00962139142954505	0.00944414930329832	0.836240038030817	0.873272151206579	3	0	0.927477681012864	3	2	0.0725223189871356	0.00481069571477249	0.00474248031038806	0.917561509528052	0.935967178809474	NA	NA	NA	NA	NA	NA	NA	NA	NA	NA
150	21	15273817	20080934	0.681049135558348	2.00263214719421e-29	0.329568904190929	3.43462486908929	2	1	0.299971301018562	3	1	0.700028698981438	0.0248585004991666	0.0260113459971882	0.250293903271518	0.350485989412887	1	1	0.149985650509281	3	1	0.850014349490719	0.0124292502495833	0.0130056729985941	0.125146951635759	0.175242994706444	2	1	0.649985650509281	4	1	0.350014349490719	0.0124292502495834	0.0130056729985941	0.625146951635759	0.675242994706444	2	0	0.327839427460762	2	1	0.672160572539238	0.00909285086008871	0.0095197443136637	0.308793303860914	0.345730138881225	2	0	0.663919713730381	2	2	0.336080286269619	0.00454642543004441	0.00475987215683185	0.654396651930457	0.672865069440613	NA	NA	NA	NA	NA	NA	NA	NA	NA	NA
151	21	20081051	37545051	0.703809158701972	1	0.357638096694705	3.52165007455192	3	1	1	NA	NA	NA	NA	NA	NA	NA	NA	NA	NA	NA	NA	NA	NA	NA	NA	NA	NA	NA	NA	NA	NA	NA	NA	NA	NA	NA	NA	NA	NA	NA	NA	NA	NA	NA	NA	NA	NA	NA	NA	NA	NA	NA	NA	NA	NA	NA	NA	NA	NA	NA	NA	NA	NA	NA	NA	NA
152	21	37545588	48101335	0.684708521251909	1.03517613660833e-47	0.516915239218017	4.04885652718469	3	1	0.886962399193971	3	2	0.113037600806029	0.0079268359669426	0.00786939883799788	0.872403753562151	0.903371817058913	3	0	0.443481199596985	3	2	0.556518800403015	0.00396341798347119	0.00393469941899894	0.436201876781075	0.451685908529457	3	1	0.943481199596986	3	3	0.0565188004030143	0.00396341798347127	0.0040598849282312	0.935411871015501	0.951061838201647	2	1	0.245480178535362	3	1	0.754519821464638	0.0160063492987989	0.016385230981453	0.214430823717697	0.27768372714395	1	1	0.122740089267681	3	1	0.877259910732319	0.00800317464939952	0.0079711526056551	0.107537912230915	0.138616772687245	2	1	0.622740089267681	4	1	0.377259910732319	0.0080031746493997	0.00797115260565511	0.607537912230914	0.638616772687244
153	22	16572992	19932095	0.501201992925195	1	-0.123778533151007	2.24018468653172	1	1	1	NA	NA	NA	NA	NA	NA	NA	NA	NA	NA	NA	NA	NA	NA	NA	NA	NA	NA	NA	NA	NA	NA	NA	NA	NA	NA	NA	NA	NA	NA	NA	NA	NA	NA	NA	NA	NA	NA	NA	NA	NA	NA	NA	NA	NA	NA	NA	NA	NA	NA	NA	NA	NA	NA	NA	NA	NA
154	22	19932267	21255763	0.632849858912566	1	0.353901395592919	3.50996694547688	2	1	1	NA	NA	NA	NA	NA	NA	NA	NA	NA	NA	NA	NA	NA	NA	NA	NA	NA	NA	NA	NA	NA	NA	NA	NA	NA	NA	NA	NA	NA	NA	NA	NA	NA	NA	NA	NA	NA	NA	NA	NA	NA	NA	NA	NA	NA	NA	NA	NA	NA	NA	NA	NA	NA	NA	NA	NA	NA
155	22	21256671	49998877	0.502460332200274	1	-0.168953679418765	2.14045371495948	1	1	1	NA	NA	NA	NA	NA	NA	NA	NA	NA	NA	NA	NA	NA	NA	NA	NA	NA	NA	NA	NA	NA	NA	NA	NA	NA	NA	NA	NA	NA	NA	NA	NA	NA	NA	NA	NA	NA	NA	NA	NA	NA	NA	NA	NA	NA	NA	NA	NA	NA	NA	NA	NA	NA	NA	NA	NA	NA
156	X	1455666	155239499	0.505924628281941	1	-0.279957642691309	1.90825968522939	1	1	1	NA	NA	NA	NA	NA	NA	NA	NA	NA	NA	NA	NA	NA	NA	NA	NA	NA	NA	NA	NA	NA	NA	NA	NA	NA	NA	NA	NA	NA	NA	NA	NA	NA	NA	NA	NA	NA	NA	NA	NA	NA	NA	NA	NA	NA	NA	NA	NA	NA	NA	NA	NA	NA	NA	NA	NA	NA
